"kw","km","year","ac","gears","hatchback","wagon","coupe","price"
63,169000,2008,1,0,0,1,0,3890
88,149000,2003,1,0,1,0,0,2490
79,255000,2002,0,0,1,0,0,1880
79,146500,2001,0,0,0,0,0,2500
88,171080,2004,1,0,0,1,0,2690
81,159000,2011,0,0,0,1,0,6800
66,162742,2012,0,0,0,1,0,7290
60,145000,2004,1,0,0,0,0,2890
68,98801,2013,0,0,0,1,0,7850
88,145000,2004,0,0,0,1,0,3590
88,175000,2004,0,0,0,1,0,2099
63,178667,2010,0,0,1,0,0,6300
96,175000,2006,1,0,0,1,0,2890
60,190144,2004,0,0,0,0,0,2650
75,151150,2008,1,0,1,0,0,3590
75,167000,2001,0,0,0,1,0,1999
88,181000,2004,1,0,0,1,0,3100
81,146000,2011,1,0,0,1,0,7500
60,204000,2003,1,0,1,0,0,3090
74,163427,2004,1,0,0,0,0,3350
74,172801,2005,1,0,0,1,0,3150
60,172652,2003,1,0,0,0,0,3150
79,196000,2003,0,0,0,1,0,1950
72,144100,2002,0,0,1,0,0,2250
63,150257,2010,0,0,0,1,0,6450
63,169000,2008,1,0,0,1,0,3890
88,149000,2003,1,0,1,0,0,2490
79,255000,2002,0,0,1,0,0,1880
79,146500,2001,0,0,0,0,0,2500
88,171080,2004,1,0,0,1,0,2690
81,159000,2011,0,0,0,1,0,6800
66,162742,2012,0,0,0,1,0,7290
60,145000,2004,1,0,0,0,0,2890
68,98801,2013,0,0,0,1,0,7850
88,145000,2004,0,0,0,1,0,3590
88,175000,2004,0,0,0,1,0,2099
63,178667,2010,0,0,1,0,0,6300
96,175000,2006,1,0,0,1,0,2890
60,190144,2004,0,0,0,0,0,2650
75,151150,2008,1,0,1,0,0,3590
75,167000,2001,0,0,0,1,0,1999
88,181000,2004,1,0,0,1,0,3100
81,146000,2011,1,0,0,1,0,7500
60,204000,2003,1,0,1,0,0,3090
74,163427,2004,1,0,0,0,0,3350
74,172801,2005,1,0,0,1,0,3150
60,172652,2003,1,0,0,0,0,3150
79,196000,2003,0,0,0,1,0,1950
72,144100,2002,0,0,1,0,0,2250
63,150257,2010,0,0,0,1,0,6450
74,181233,2004,0,0,0,1,0,3000
66,142000,2011,0,0,0,1,0,6700
88,136444,2003,1,0,0,0,0,3050
60,115653,2003,1,0,0,0,0,2950
70,201000,2001,0,0,0,1,0,2550
79,196000,2003,0,0,0,1,0,2499
66,150000,2010,0,0,1,0,0,6190
70,154300,2001,0,0,0,0,0,2050
74,188000,2005,0,0,0,1,0,3000
88,156300,2004,1,0,0,0,0,3850
60,198501,2003,1,0,0,0,0,2799
60,110212,2003,0,0,1,0,0,2800
88,127548,2003,0,0,1,0,0,2700
63,153000,2008,0,0,0,0,1,3299
88,176000,2004,0,0,0,0,0,2590
88,205000,2004,1,0,0,1,0,2990
66,162132,2010,1,0,0,1,0,6950
75,176000,2001,0,0,1,0,0,1990
88,156000,2004,1,0,0,1,0,2990
78,174000,2006,1,0,0,1,0,3750
66,160915,2012,0,0,0,0,0,6990
66,142000,2012,0,0,1,0,0,7200
63,150000,2006,1,0,0,0,0,3650
66,146468,2010,0,0,1,0,0,6200
66,164835,2011,0,0,1,0,0,6400
81,172609,2010,1,0,0,1,0,6600
88,175547,2003,1,0,1,0,0,2900
70,165000,2001,0,0,0,1,0,1650
96,218340,2005,1,0,0,1,0,3400
75,266000,2005,0,0,0,1,0,2650
77,155000,2007,0,0,1,0,0,3990
85,230000,2004,1,0,0,1,0,3100
63,144000,2004,0,0,1,0,0,2550
63,153000,2010,0,0,0,0,0,6200
88,161500,2004,1,0,0,1,0,2850
88,164500,2004,1,0,1,0,0,2690
96,162200,2005,1,0,1,0,0,3690
66,125000,2011,0,0,1,0,0,6399
66,169134,2012,1,0,1,0,0,7599
81,175400,2011,1,1,0,1,0,6999
96,146000,2010,0,0,0,1,0,6450
78,90000,2006,1,0,0,0,0,4650
88,170000,2003,1,0,1,0,0,2950
81,190000,2013,0,0,1,0,0,7000
88,211000,2005,0,0,1,0,0,2699
88,152000,2004,0,0,0,1,0,3000
83,130000,2003,0,0,1,0,0,2950
74,139800,2004,1,0,1,0,0,3290
66,161966,2011,0,0,0,0,0,6190
96,146000,2006,1,0,0,1,0,3795
96,175000,2006,1,0,0,1,0,3450
60,217581,2005,1,0,0,0,0,3450
83,198300,2002,0,0,1,0,0,2590
63,171000,2004,1,0,0,1,0,2800
63,152000,2006,0,0,0,1,0,3999
83,74777,2005,0,0,0,0,0,3300
88,172000,2004,1,0,0,0,0,3000
79,156149,2002,0,0,0,0,0,2250
74,171485,2004,1,0,1,0,0,3150
82,170000,2006,0,1,0,1,0,3500
74,136000,2005,0,0,0,1,0,3040
88,165278,2003,1,0,0,1,0,2650
63,161985,2010,0,0,1,0,0,6150
96,150356,2006,1,0,0,1,0,3690
78,198000,2006,1,0,0,1,0,3350
60,138000,2003,0,0,0,0,0,2290
78,115000,2009,1,0,0,0,1,7800
78,160000,2007,0,0,0,1,0,3790
70,175000,2002,0,0,0,1,0,2000
96,145000,2008,1,1,0,1,0,5300
88,217045,2003,0,0,0,0,0,2500
70,140521,2001,0,0,0,0,0,1990
74,44500,2011,0,0,1,0,0,8200
88,181600,2003,1,0,1,0,0,2700
88,261000,2003,1,0,0,0,0,2700
90,168000,2004,1,0,0,1,0,2950
60,130000,2004,0,0,1,0,0,3200
88,163540,2004,1,0,0,1,0,2999
78,122569,2006,0,0,1,0,0,4000
77,230000,2003,0,0,0,1,0,1500
83,187000,2003,0,0,0,0,0,2350
83,197000,2003,1,0,1,0,0,2999
88,237750,2003,1,0,1,0,0,2390
60,170000,2005,0,0,1,0,0,3200
70,145000,2001,0,0,1,0,0,2300
96,120000,2010,1,0,1,0,0,7850
78,210000,2006,1,0,1,0,0,3200
82,197390,2007,1,0,0,1,0,3699
55,210000,2001,0,0,1,0,0,1799
66,132225,2010,0,0,0,1,0,5950
80,120000,2010,0,0,1,0,0,5650
78,203000,2007,0,0,0,1,0,4350
88,190000,2004,1,0,1,0,0,2850
63,70650,2006,0,0,0,1,0,3590
59,252000,2001,0,0,0,1,0,2200
60,216000,2003,0,0,1,0,0,2700
74,185000,2002,0,0,1,0,0,1800
79,200019,2001,0,0,0,1,0,2199
83,209000,2002,0,0,0,0,1,2750
83,137000,2006,1,0,0,1,0,3800
75,221321,2002,0,0,0,1,0,1750
59,231000,2001,0,0,0,1,0,1850
65,211000,2003,0,0,0,0,1,2700
96,171189,2008,1,0,1,0,0,4690
78,147883,2006,0,0,1,0,0,4049
83,138000,2004,1,0,0,1,0,2899
59,183500,2002,0,0,0,0,0,1790
60,260000,2003,0,0,1,0,0,2500
77,193000,2008,1,0,1,0,0,4050
79,161200,2001,0,0,1,0,0,1750
96,152000,2005,1,0,0,1,0,2800
74,204000,2002,1,0,1,0,0,1650
88,195000,2004,0,0,0,1,0,2550
103,245003,2001,0,0,0,0,1,2350
59,200000,2002,0,0,0,1,0,1350
1,165000,2004,1,0,1,0,0,2900
120,177286,2006,1,0,0,0,0,4000
66,154375,2010,0,0,0,1,0,6100
59,165000,2001,0,0,0,0,0,2190
88,196000,2004,1,0,0,0,0,3500
60,226000,2003,1,0,1,0,0,2499
74,151151,2004,0,0,0,1,0,2690
79,212000,2002,0,0,0,0,0,2350
81,144000,2012,0,0,0,0,0,7900
60,191048,2003,1,0,0,0,0,3100
83,147749,2005,0,0,1,0,0,3750
84,190000,2003,0,0,0,0,1,1999
79,184000,2001,0,0,0,0,1,1950
77,160400,2003,0,0,0,1,0,2299
60,199000,2003,1,0,0,0,1,2000
88,220000,2003,1,0,1,0,0,3300
80,128000,2001,1,0,1,0,0,2100
80,198558,2001,0,0,0,1,0,1950
88,180937,2003,1,0,0,1,0,2999
88,216000,2005,0,0,0,1,0,3250
81,175987,2005,1,0,0,1,0,3150
75,300000,2001,0,0,0,1,0,1400
88,165000,2003,0,0,1,0,0,2750
74,242000,2005,0,0,0,1,0,2770
74,200000,2004,1,0,1,0,0,2600
88,243000,2003,1,0,1,0,0,2320
60,165000,2006,0,0,1,0,0,3100
75,212000,2002,0,0,1,0,0,1500
79,137000,2002,0,0,1,0,0,2100
63,175260,2006,0,0,0,1,0,3350
83,233230,2005,1,0,0,1,0,3750
85,177537,2002,1,0,0,0,0,2250
75,279000,2001,0,0,0,0,0,1850
83,205000,2004,1,0,0,1,0,3200
88,243156,2005,1,0,0,1,0,3600
75,156900,2002,0,0,0,1,0,1599
79,126000,2010,0,0,1,0,0,7100
78,192000,2009,0,0,0,0,1,3950
77,211000,2007,0,0,0,0,0,3000
81,27000,2012,1,0,1,0,0,9500
70,157500,2002,0,0,0,0,1,1600
96,177000,2010,1,0,0,1,0,6800
81,228000,2006,0,0,0,1,0,3999
97,290000,2005,0,0,0,1,0,3200
88,183000,2005,1,0,0,0,0,3150
80,135000,2001,0,0,0,1,0,2000
60,163000,2003,0,0,1,0,0,3399
88,139150,2003,0,0,1,0,0,3500
78,186000,2002,0,0,0,1,0,2300
60,201000,2004,0,0,1,0,0,3000
78,185000,2007,1,0,0,0,0,4299
77,224000,2002,0,0,1,0,0,1950
75,183000,2002,0,0,0,1,0,2000
81,25000,2011,0,0,1,0,0,9500
60,187156,2005,0,0,1,0,0,2650
70,190000,2002,0,0,0,0,1,2000
75,147299,2002,0,0,0,1,0,2199
63,274000,2006,0,0,0,0,1,2990
63,285000,2008,0,0,0,0,1,2990
74,150000,2004,1,0,0,0,0,2650
58,206000,2003,0,0,0,0,0,3000
60,210000,2003,0,0,0,0,0,3200
83,176170,2003,0,0,1,0,0,2550
75,176000,2002,0,0,1,0,0,1999
88,133000,2003,1,0,0,0,0,2750
110,130800,2006,1,0,1,0,0,3950
74,180140,2005,0,0,0,0,0,2650
79,110977,2002,0,0,0,1,0,2150
63,181000,2005,0,0,1,0,0,2600
75,206000,2002,0,0,0,0,0,2450
96,147812,2011,1,0,0,1,0,7700
85,176000,2002,0,0,0,0,0,2450
63,180000,2008,0,0,0,0,0,4400
74,138000,2004,0,0,0,1,0,2750
59,235000,2002,0,0,0,1,0,1500
70,140400,2003,0,0,0,1,0,2150
79,187000,2001,0,0,1,0,0,2400
74,216000,2000,0,0,0,0,1,1700
70,160000,2001,0,0,0,0,0,2200
96,194000,2006,0,0,0,1,0,3999
60,195349,2003,0,0,1,0,0,2700
88,260574,2004,0,0,1,0,0,2499
63,167000,2008,0,0,1,0,0,3799
96,163000,2005,1,0,0,1,0,3100
88,164000,2003,1,0,1,0,0,3490
83,225000,2003,0,0,0,1,0,3100
75,198600,2002,0,0,0,1,0,2250
82,126000,2006,1,0,1,0,0,3700
63,150450,2006,0,0,1,0,0,1100
63,161000,2009,0,0,0,1,0,6500
63,141188,2009,0,0,0,0,0,6000
88,234000,2004,0,0,0,1,0,2450
60,241222,2005,0,0,1,0,0,2380
74,210000,2011,0,0,1,0,0,6500
61,235000,2005,0,0,1,0,0,2500
79,250000,2001,0,0,0,1,0,1500
79,180000,2001,0,0,0,1,0,2200
83,205000,2003,0,0,1,0,0,2800
88,170000,2004,0,0,0,1,0,2999
63,171382,2008,0,0,0,0,0,3800
74,325000,2004,1,0,0,1,0,3300
75,245000,2002,0,0,0,1,0,1800
78,150000,2005,0,0,1,0,0,2650
60,199945,2002,1,0,1,0,0,2750
88,190000,2003,0,0,0,1,0,2600
96,160000,2007,0,0,0,1,0,3400
88,230000,2004,0,0,0,1,0,2850
79,162000,2002,0,0,1,0,0,2400
70,140000,2000,0,0,1,0,0,1700
60,180000,2003,0,0,0,0,1,3000
60,172000,2003,0,0,0,1,0,2850
60,218000,2003,0,0,0,0,0,2650
74,163000,2005,1,0,0,1,0,2999
74,220141,2004,1,0,0,0,0,3000
72,178000,2003,0,0,1,0,0,2499
73,219968,2005,0,0,0,1,0,3000
66,129000,2012,0,0,1,0,0,6890
63,150000,2010,1,0,0,1,0,6650
75,182000,2001,0,0,0,1,0,2500
63,124000,2010,0,0,0,1,0,6250
78,200000,2008,0,0,0,1,0,3950
85,165000,2004,0,0,0,1,0,2990
63,162080,2006,0,0,1,0,0,3499
79,186000,2001,0,0,0,1,0,2200
81,191200,2006,1,0,1,0,0,4000
78,161000,2010,1,0,0,1,0,6350
63,183000,2007,0,0,0,0,0,3650
79,138000,2002,0,0,1,0,0,1950
79,194800,2002,0,0,0,1,0,2150
74,139000,2001,0,0,0,0,0,2400
70,185659,2001,0,0,0,1,0,1799
83,206000,2004,0,1,0,0,0,2999
88,224000,2004,1,0,1,0,0,2500
77,190000,2004,0,0,0,0,0,3000
96,210000,2006,0,0,0,1,0,3199
75,208000,2001,0,0,1,0,0,2250
88,169000,2005,1,0,1,0,0,3300
83,230400,2003,1,0,0,0,1,3000
63,206750,2008,0,0,0,0,0,3650
60,171601,2005,1,0,1,0,0,3350
83,143000,2003,1,0,1,0,0,2200
79,189000,2001,0,0,0,0,1,1800
74,183020,2004,0,0,0,0,0,2950
75,191100,2001,0,0,0,1,0,2200
60,219000,2004,0,0,1,0,0,2780
74,221000,2003,0,0,1,0,0,2800
88,219500,2004,0,0,0,1,0,2600
88,170000,2003,0,0,0,1,0,2600
66,127000,2011,0,0,1,0,0,5299
88,155650,2003,1,0,0,0,0,2800
59,194000,2003,0,0,0,0,0,2400
96,182000,2007,1,0,0,1,0,3300
96,172000,2010,0,0,1,0,0,6800
66,110000,2010,0,0,0,1,0,6450
96,143217,2006,0,0,0,1,0,2950
63,192000,2005,0,0,1,0,0,3300
78,151000,2007,0,0,0,0,0,3950
96,169130,2007,0,0,0,0,0,5500
74,231000,2005,0,0,1,0,0,2600
75,220000,2002,0,0,0,1,0,1750
60,240000,2003,0,0,1,0,0,3100
88,185000,2005,0,0,0,1,0,2790
60,310000,2004,0,0,0,1,0,2950
88,127548,2003,1,0,1,0,0,2600
78,145000,2006,1,0,1,0,0,3800
96,135000,2010,1,0,0,1,0,6600
88,147695,2004,1,0,0,1,0,3150
75,172775,2001,0,0,0,1,0,1999
88,240000,2004,1,0,0,0,0,3150
88,145000,2004,1,0,1,0,0,2999
60,219000,2005,1,0,0,0,0,3200
63,240000,2005,0,0,1,0,0,3100
66,155388,2011,0,0,0,1,0,6600
63,163214,2006,1,0,0,1,0,3750
88,140899,2004,1,0,0,0,0,2990
889,146243,2004,1,0,0,1,0,3300
96,224000,2010,0,0,0,1,0,5950
77,161000,2005,0,0,1,0,0,3400
84,219000,2004,0,0,1,0,0,2650
60,216200,2003,0,0,0,0,0,2590
83,163000,2003,0,0,0,0,0,2590
63,233000,2006,0,0,1,0,0,2550
77,40000,2012,0,0,1,0,0,8300
96,180000,2006,0,0,1,0,0,3890
60,165000,2002,1,0,0,0,0,2800
74,173000,2005,1,0,1,0,0,3300
66,133400,2012,0,0,0,1,0,7350
70,160000,2002,0,0,0,1,0,2250
59,190000,2003,1,0,0,0,0,3200
59,250100,2002,0,0,0,1,0,1950
88,184520,2003,1,0,1,0,0,2550
88,185000,2004,0,0,0,0,0,3350
74,117000,2010,0,0,1,0,0,7000
75,157000,2002,0,0,0,1,0,2150
88,189700,2004,0,0,1,0,0,2599
88,213000,2003,1,0,0,0,0,2850
88,140000,2003,1,0,1,0,0,3400
78,166156,2006,1,0,1,0,0,2800
77,134113,2002,0,0,1,0,0,1955
88,215000,2003,0,0,0,1,0,1890
60,200000,2004,0,0,1,0,0,2800
88,187000,2003,1,0,1,0,0,2999
60,250000,2005,1,0,0,0,1,3500
59,180000,2001,0,0,0,1,0,1900
75,150000,2002,1,0,0,1,0,2400
63,153000,2007,1,0,0,0,0,3550
88,186000,2004,0,0,0,1,0,3250
88,175000,2003,1,0,1,0,0,2600
74,121000,2005,0,0,0,1,0,3150
85,160000,2007,1,0,0,1,0,2950
60,224890,2003,1,0,0,0,0,2650
74,163400,2004,0,0,1,0,0,2950
81,46699,2010,0,0,1,0,0,7299
60,222000,2004,0,0,1,0,0,2950
79,168000,2002,0,0,0,1,0,1550
81,67000,2011,1,0,0,0,0,9500
63,180000,2007,0,0,1,0,0,4000
60,193600,2004,0,0,1,0,0,2799
60,221000,2003,0,0,1,0,0,2500
83,200000,2003,1,0,0,0,0,3100
70,192000,2000,0,0,0,1,0,1700
75,205000,2002,0,0,0,0,0,2000
75,270000,2001,0,0,1,0,0,2100
79,217300,2002,0,0,1,0,0,2300
85,255000,2001,0,0,0,1,0,1800
66,133000,2011,0,0,0,0,0,6700
83,130532,2002,0,0,0,0,0,2600
78,151200,2005,1,0,1,0,0,3590
96,152000,2010,0,0,0,1,0,6350
88,115215,2003,0,0,1,0,0,2600
79,202321,2002,0,0,0,1,0,800
78,199000,2006,0,0,0,1,0,2990
83,150323,2004,1,0,0,1,0,2000
66,35826,2013,0,0,1,0,0,9650
88,175048,2003,1,0,0,0,0,2990
88,201000,2007,0,0,0,1,0,4500
63,156000,2002,0,0,1,0,0,2499
88,163000,2005,1,0,0,1,0,3200
74,25000,2012,0,0,1,0,0,7799
80,183000,2002,0,0,0,0,0,2150
60,243570,2003,0,0,1,0,0,3100
88,162980,2005,0,0,0,1,0,2899
88,137435,2004,1,0,0,1,0,3150
83,140344,2003,0,0,0,0,0,2599
96,177710,2008,0,0,0,1,0,4400
47,160000,2000,0,0,1,0,0,2000
79,189000,2002,0,0,0,1,0,1650
96,226000,2007,1,0,0,1,0,4000
70,125000,2001,0,0,1,0,0,2200
75,183000,2002,0,0,0,1,0,1750
63,280000,2004,0,0,1,0,0,2400
85,223000,2002,0,0,0,0,1,2450
78,132000,2009,0,0,0,0,0,6000
55,210000,2001,0,0,0,1,0,2100
81,206211,2010,1,0,1,0,0,6290
88,228000,2003,0,0,1,0,0,3050
63,191917,2008,0,0,0,1,0,6000
63,315840,2007,0,0,0,0,0,3400
60,230000,2005,0,0,1,0,0,3100
76,130000,2008,0,0,0,1,0,4300
88,194000,2004,1,0,0,1,0,3800
59,300000,2002,0,0,0,1,0,1600
83,120000,2002,0,0,1,0,0,2550
88,292000,2004,0,0,0,1,0,2500
88,164000,2004,0,0,0,0,0,3450
96,130000,2006,1,1,0,1,0,3000
78,156000,2007,0,0,1,0,0,4200
75,149000,2002,0,0,0,1,0,2400
72,168000,2004,0,0,1,0,0,2850
88,212000,2003,0,0,1,0,0,2850
63,243000,2006,0,0,1,0,0,3100
63,176000,2010,0,0,0,0,0,6000
66,135000,2009,0,0,1,0,0,6500
63,167000,2010,0,0,1,0,0,5900
81,158182,2012,0,0,0,1,0,6990
66,207513,2011,0,0,1,0,0,6200
66,152000,2011,0,0,1,0,0,5800
96,181378,2006,1,0,0,0,0,3750
60,159000,2005,0,0,0,1,0,3150
68,156000,2012,0,0,0,1,0,6589
85,170370,2012,0,0,1,0,0,6589
60,149000,2002,1,0,1,0,0,3000
66,122423,2003,0,0,1,0,0,3100
83,131000,2005,0,0,0,0,0,3250
60,171000,2004,0,0,1,0,0,2450
60,181472,2005,1,0,1,0,0,3500
79,199000,2003,0,0,0,1,0,2000
81,162087,2010,0,0,1,0,0,6790
76,161000,2007,1,0,0,1,0,4300
60,270000,2003,0,0,1,0,0,2590
88,212700,2003,1,0,1,0,0,2850
86,170000,2004,0,0,0,0,0,3800
83,200149,2003,1,0,0,0,0,3000
88,224500,2004,1,0,1,0,0,2890
70,136676,2002,0,0,1,0,0,2100
88,186000,2003,1,0,0,0,0,3100
60,200000,2003,0,0,1,0,0,1900
60,202000,2003,0,0,0,0,0,2400
83,97037,2003,1,0,1,0,0,2290
88,115000,2005,1,0,0,0,0,3400
88,153500,2007,1,0,0,1,0,3499
83,140000,2003,0,0,1,0,0,2599
78,170000,2007,0,0,0,1,0,3790
63,184000,2010,1,0,0,1,0,6800
70,288000,2002,0,0,0,1,0,2000
78,157000,2008,0,0,1,0,0,3950
78,146000,2005,0,0,0,0,0,3399
63,204000,2008,1,0,1,0,0,3200
79,180000,2001,0,0,0,0,0,2249
81,67500,2010,0,0,1,0,0,6200
60,262000,2005,0,0,1,0,0,2550
88,156000,2004,0,0,0,0,0,2600
88,268000,2003,1,0,1,0,0,2500
81,210860,2010,1,0,0,1,0,6990
88,210000,2005,0,0,0,1,0,3300
75,260400,2002,0,0,1,0,0,2300
81,48000,2009,1,0,1,0,0,6800
80,128000,2001,0,0,1,0,0,2100
66,149000,2012,0,0,0,0,0,7050
88,158100,2003,1,0,0,0,0,2980
63,182480,2007,0,0,0,1,0,3890
75,220000,2001,1,0,1,0,0,1699
66,180000,2003,0,0,1,0,0,1990
66,196672,2011,0,0,0,1,0,5990
74,210000,2011,0,0,1,0,0,6500
81,113000,2010,0,0,1,0,0,5350
77,144000,2008,1,0,0,0,1,4950
63,169000,2007,0,0,0,0,0,4500
88,123300,2002,1,0,1,0,0,3200
60,206000,2003,0,0,0,0,0,2590
88,210000,2005,0,0,0,1,0,3000
59,250000,2002,0,0,0,1,0,1950
88,195752,2005,1,0,0,0,0,3799
88,211000,2004,0,0,1,0,0,2499
88,164800,2004,0,0,0,1,0,2950
75,193000,2002,0,0,0,1,0,2350
75,236000,2002,0,0,0,1,0,1800
96,249000,2007,0,0,0,1,0,3500
88,198000,2005,0,0,0,1,0,3000
88,167000,2003,0,0,0,0,0,2350
60,210000,2003,0,0,1,0,0,1900
74,121000,2006,0,0,1,0,0,2999
66,210000,2002,0,0,1,0,0,1999
60,164196,2003,1,0,1,0,0,3050
88,206000,2003,1,0,1,0,0,3850
83,164509,2004,0,1,0,1,0,3800
60,140000,2004,1,0,1,0,0,2990
88,285000,2003,1,0,1,0,0,2300
60,199000,2002,0,0,1,0,0,2650
165,181000,2004,1,0,1,0,0,5500
60,175812,2003,0,0,0,0,0,3000
79,223450,2002,0,0,1,0,0,2350
63,170000,2004,1,0,0,1,0,4400
75,187000,2002,0,0,0,0,1,1850
96,190000,2006,1,0,1,0,0,4200
66,209844,2010,0,0,0,1,0,6550
88,142000,2004,1,0,0,1,0,2400
83,167000,2003,1,0,1,0,0,2499
77,157000,2006,1,0,1,0,0,3600
60,230000,2003,0,0,1,0,0,1590
88,171000,2003,1,0,0,0,0,3100
78,130000,2008,1,0,0,0,0,4699
60,295200,2003,0,0,1,0,0,2450
75,180000,2003,0,0,0,1,0,2000
88,220000,2004,1,0,1,0,0,2850
62,180000,2005,0,0,0,1,0,2699
66,141000,2012,0,0,0,0,0,6900
88,180000,2003,1,0,1,0,0,2650
96,87000,2010,1,0,0,1,0,6950
63,153000,2010,0,0,0,0,0,6400
81,192148,2010,0,0,0,1,0,6250
60,155160,2003,0,0,1,0,0,2399
88,132407,2004,0,0,0,0,0,2950
66,182000,2011,0,0,1,0,0,6690
82,79700,2007,1,0,1,0,0,3890
79,182419,2001,0,1,1,0,0,2500
88,132000,2004,1,0,0,1,0,3290
96,246185,2002,0,0,1,0,0,1950
79,190000,2001,0,0,0,1,0,1750
88,250000,2004,1,0,0,1,0,3099
63,121000,2009,0,0,1,0,0,5900
88,250000,2005,1,0,0,1,0,2950
60,205000,2004,0,0,1,0,0,2600
88,230000,2003,1,0,0,1,0,2600
88,185221,2004,1,0,0,1,0,2999
88,252000,2004,0,0,0,0,0,2450
66,207000,2010,0,0,0,1,0,6600
68,92162,2012,0,0,0,0,0,7550
83,153000,2004,0,0,1,0,0,2850
74,171544,2004,1,0,1,0,0,2800
88,220123,2004,0,0,0,0,0,2720
74,202000,2005,0,0,1,0,0,2550
74,193924,2004,0,0,0,0,0,2900
59,290000,2003,0,0,0,1,0,2250
70,210000,2001,0,0,1,0,0,2200
75,179000,2002,0,0,0,1,0,2700
81,46699,2011,0,0,1,0,0,7900
88,180000,2003,0,0,1,0,0,3150
74,172000,2005,0,0,0,0,0,2700
60,186000,2005,0,0,1,0,0,2990
63,184000,2006,1,0,1,0,0,3350
66,159000,2012,0,0,0,0,0,6890
88,187900,2004,1,0,0,1,0,3350
110,131825,2010,1,1,0,1,0,7290
65,165000,2004,0,0,0,0,0,3200
75,192000,2002,0,0,0,1,0,2300
88,178053,2004,0,0,1,0,0,2699
81,192740,2012,1,0,1,0,0,8950
81,71000,2010,1,0,1,0,0,6999
88,244008,2003,1,0,1,0,0,3526
75,183654,2002,0,0,0,1,0,2400
83,181000,2002,0,0,1,0,0,1999
96,170000,2009,1,0,1,0,0,6550
60,170000,2003,0,0,1,0,0,2500
70,250000,2001,0,0,0,0,1,1400
88,220000,2003,1,0,0,0,0,2600
63,233000,2008,0,0,0,0,0,3700
78,164348,2009,1,0,0,0,0,5350
83,167000,2003,0,0,1,0,0,2750
66,160000,2011,0,0,1,0,0,7500
59,260000,2002,0,0,0,1,0,1700
63,138245,2007,0,0,1,0,0,4650
88,178000,2003,0,0,1,0,0,2700
88,204000,2003,0,0,1,0,0,2000
78,230000,2007,0,0,0,1,0,3999
72,225000,2003,0,0,1,0,0,2100
74,167450,2004,0,0,1,0,0,2999
44,183639,2003,1,0,1,0,0,3210
78,216000,2006,0,1,0,1,0,3500
88,200000,2004,1,0,0,1,0,2799
79,200000,2003,0,0,0,1,0,2100
74,228786,2004,0,0,1,0,0,2900
88,170700,2003,1,0,1,0,0,2720
79,215000,2002,0,0,0,1,0,3000
60,103000,2003,0,0,1,0,0,2900
60,280000,2004,0,0,1,0,0,2150
74,200000,2003,0,0,0,1,0,1800
59,261000,2002,0,0,0,1,0,2200
88,164578,2005,1,0,0,1,0,3300
83,185000,2005,0,0,1,0,0,2900
63,191000,2006,1,0,0,0,0,4100
79,143000,2001,0,0,0,0,0,2400
83,125000,2005,1,0,1,0,0,3450
59,120000,2001,0,0,0,1,0,1800
132,78000,2009,1,0,0,0,1,7800
88,250000,2004,0,0,0,1,0,2999
63,178000,2008,0,0,0,0,0,4500
74,191944,2004,1,0,1,0,0,2650
88,213150,2004,0,0,0,0,0,2550
59,205000,2001,0,0,0,0,0,1890
66,134000,2011,0,0,1,0,0,6390
72,72000,2007,0,0,0,0,0,4800
88,189000,2004,1,0,0,1,0,3100
81,55000,2009,1,0,0,1,0,8500
79,190027,2002,0,0,1,0,0,2300
74,206043,2004,1,0,0,0,0,3400
75,147843,2001,0,0,1,0,0,2150
88,194000,2004,0,0,0,1,0,2700
96,131000,2007,1,1,1,0,0,4200
88,242000,2004,0,0,1,0,0,2900
53,109000,2008,0,0,0,1,0,5000
75,190000,2002,0,0,0,1,0,1400
63,134500,2010,0,0,1,0,0,6100
74,135610,2005,0,0,0,1,0,3400
75,120000,2001,0,0,0,0,0,2400
63,189059,2008,0,0,0,1,0,4650
63,180000,2008,0,0,0,0,0,4390
74,154523,2004,1,0,0,1,0,2899
63,154900,2010,0,0,1,0,0,6090
63,157000,2007,1,0,0,0,0,4900
75,149000,2003,0,0,0,1,0,1900
96,196082,2005,0,0,1,0,0,2350
60,258670,2005,0,0,0,1,0,3000
74,151236,2006,0,0,1,0,0,4100
78,161000,2010,1,0,0,1,0,5500
88,137000,2003,1,0,0,1,0,3200
64,181000,2005,0,0,0,1,0,3200
60,160585,2004,0,0,1,0,0,3100
79,196000,2002,0,0,0,1,0,2000
64,240000,2006,0,0,0,1,0,3950
74,227090,2005,0,0,1,0,0,3400
75,200000,2002,0,0,0,0,1,2000
63,259438,2009,0,0,0,1,0,5700
59,212000,2002,0,0,1,0,0,1800
75,198000,2002,0,0,0,1,0,1850
78,210000,2002,0,0,0,0,1,2200
88,250000,2004,0,0,1,0,0,2700
96,186224,2008,1,0,0,1,0,3800
75,160000,2001,1,0,0,1,0,2300
66,140000,2010,0,0,0,1,0,6299
82,135826,2006,1,0,1,0,0,3000
79,221000,2001,0,1,0,1,0,2000
83,180000,2005,0,0,0,1,0,2950
70,199000,2001,0,0,0,1,0,1900
59,165000,2001,0,0,0,0,0,1750
96,189000,2012,0,0,0,1,0,7250
74,175765,2004,1,0,0,0,0,3200
63,153000,2010,0,0,1,0,0,6200
81,44000,2010,1,0,0,0,1,8690
60,189000,2005,1,0,1,0,0,3499
88,188000,2005,1,0,0,1,0,2700
80,85000,2007,1,0,1,0,0,4200
66,92000,2011,0,0,0,1,0,6550
78,207325,2010,1,0,0,1,0,5800
81,180585,2010,1,1,0,1,0,8250
66,163806,2011,0,0,0,1,0,6800
96,180000,2008,1,1,0,1,0,3700
118,29000,2012,1,0,1,0,0,18500
63,151951,2010,0,0,1,0,0,6690
63,151000,2011,0,0,1,0,0,6950
79,210000,2002,0,0,0,0,0,2000
103,165825,2001,0,0,0,0,1,1500
60,233253,2005,0,0,1,0,0,3200
70,190000,2005,1,1,0,1,0,3250
88,166000,2003,1,0,0,0,0,2800
75,320000,2001,0,0,0,1,0,1700
72,139300,2003,1,0,1,0,0,2999
63,158000,2010,0,0,1,0,0,6350
73,123000,2005,1,0,1,0,0,3400
60,169000,2004,0,0,0,0,0,2500
74,128203,2009,0,0,1,0,0,5490
66,183800,2010,0,0,0,1,0,6250
83,225663,2003,0,1,0,1,0,2500
88,160000,2004,0,0,0,0,0,3250
88,131780,2004,0,0,0,0,0,3490
60,198000,2005,0,0,1,0,0,3600
83,171000,2005,1,0,0,1,0,3450
63,129000,2009,0,0,1,0,0,6050
63,191000,2006,0,0,0,1,0,3750
63,167000,2010,0,0,1,0,0,5950
75,190000,2001,0,0,0,1,0,2000
63,150000,2006,0,0,1,0,0,4000
88,103000,2003,1,0,1,0,0,2500
88,163215,2003,1,0,1,0,0,2590
79,179130,2002,0,0,0,0,1,2000
88,179852,2003,1,0,1,0,0,2950
60,195000,2004,0,0,0,0,0,2900
88,295000,2004,0,0,0,1,0,3350
63,178000,2008,0,0,1,0,0,4200
60,152219,2003,0,0,0,0,0,2750
66,164000,2012,1,0,0,1,0,7650
83,263000,2003,1,0,1,0,0,2700
75,205000,2001,0,0,0,0,1,2000
75,182000,2003,1,0,1,0,0,3300
88,176000,2005,1,0,1,0,0,2600
80,106000,2010,1,0,0,1,0,7000
79,242000,2001,0,0,0,0,1,1250
60,248528,2003,0,0,1,0,0,2600
88,215000,2005,0,0,0,1,0,3590
88,184000,2005,0,0,1,0,0,2700
88,164000,2005,1,0,0,0,0,3250
60,180000,2003,1,0,1,0,0,2699
60,200000,2005,0,0,1,0,0,3599
88,210000,2004,1,0,0,1,0,2999
59,160000,2001,0,0,0,1,0,1700
88,186936,2004,1,0,0,1,0,2499
88,184000,2004,1,0,0,1,0,2890
78,232734,2007,0,0,0,1,0,4200
60,159306,2004,0,0,0,0,0,2900
88,184000,2005,0,0,0,1,0,2790
72,214000,2003,1,0,1,0,0,2390
96,176000,2011,1,0,0,1,0,7300
88,173000,2005,1,0,0,1,0,2700
83,230000,2003,1,0,0,1,0,2500
79,201650,2003,0,0,1,0,0,1650
82,149500,2004,0,0,0,1,0,3350
96,204000,2006,0,1,0,1,0,4100
70,180000,2002,0,0,0,1,0,2100
83,176000,2002,0,0,0,0,1,2400
83,240000,2002,0,0,0,0,0,2600
60,210000,2004,0,0,0,0,0,2450
63,146000,2005,0,0,1,0,0,2990
88,230000,2003,1,0,1,0,0,3300
59,175000,2001,0,0,0,1,0,2050
87,210000,2003,1,0,0,0,0,2399
76,205000,2001,0,0,0,1,0,2200
88,187000,2004,1,0,0,0,0,2800
75,180000,2002,0,0,0,0,0,2000
75,123777,2001,0,0,0,1,0,2250
74,146000,2004,0,0,0,1,0,3250
66,164248,2013,0,0,0,0,0,7100
81,52000,2010,1,0,0,0,1,8100
65,183000,2001,0,0,0,1,0,1790
88,180000,2004,0,0,0,1,0,3000
88,203000,2003,0,0,1,0,0,3100
74,183179,2004,1,0,0,1,0,3250
74,149000,2004,0,0,1,0,0,3300
78,175000,2008,0,0,0,0,0,4530
75,200000,2003,0,0,0,1,0,1699
78,195467,2005,0,0,1,0,0,2800
88,212328,2005,1,0,0,0,0,3290
74,155000,2004,0,0,1,0,0,3099
66,181000,2011,0,0,1,0,0,6350
88,168494,2004,1,0,0,1,0,2850
66,122434,2010,0,0,0,1,0,6490
118,142432,2010,1,0,0,0,1,8490
70,150000,2001,0,0,1,0,0,2000
60,258000,2004,0,0,0,1,0,2650
60,248000,2005,0,0,0,0,0,2800
96,182000,2007,1,0,0,1,0,4050
74,220000,2004,0,0,0,1,0,2600
96,233012,2006,0,0,0,1,0,2900
66,172000,2002,0,0,0,1,0,2200
96,90000,2009,1,0,1,0,0,5500
88,215000,2005,0,0,0,1,0,2599
74,204000,2002,1,0,0,0,1,1900
55,230000,2001,0,0,0,0,0,1860
60,219000,2003,0,0,1,0,0,2700
96,175000,2006,1,0,0,1,0,3900
70,135000,2002,0,0,0,1,0,2500
81,114000,2012,1,0,0,0,1,8300
88,133000,2004,0,0,1,0,0,2750
62,145000,2003,1,0,1,0,0,2900
85,162836,2005,1,0,0,0,0,3300
78,189770,2007,1,0,0,0,0,4300
75,136000,2002,0,0,0,1,0,1700
78,163000,2007,0,0,1,0,0,4200
82,260000,2005,0,0,0,1,0,4000
60,185200,2004,0,0,0,1,0,3100
83,124491,2003,1,0,1,0,0,3200
60,210000,2004,0,0,0,0,1,2900
96,164000,2009,0,0,0,1,0,6290
63,141000,2007,0,0,1,0,0,3800
81,140440,2013,1,1,0,1,0,8150
66,207017,2003,0,0,1,0,0,2400
79,185300,2000,0,0,0,0,1,1600
74,169000,2005,0,0,0,0,0,4100
88,189000,2004,1,0,0,1,0,3650
60,177470,2004,1,0,1,0,0,3000
60,175200,2005,0,0,1,0,0,2700
70,248000,2003,1,0,0,1,0,2250
88,220000,2004,0,0,0,1,0,2900
60,276000,2003,0,0,0,0,0,2500
74,149000,2005,0,0,0,1,0,3800
60,216000,2003,1,0,1,0,0,2600
88,224000,2003,0,0,1,0,0,2650
88,180000,2003,1,0,1,0,0,2600
83,182000,2003,1,0,1,0,0,2800
76,190000,2001,0,0,1,0,0,800
74,150000,2002,0,1,0,1,0,800
60,142000,2004,1,0,0,1,0,3950
63,123000,2008,0,0,0,0,0,5800
96,184000,2006,0,0,0,1,0,3300
72,172000,2004,0,0,0,0,0,4500
60,215000,2004,1,0,0,1,0,2500
78,132500,2008,1,0,0,0,0,5200
55,300000,2001,0,0,0,0,1,2000
79,144000,2002,0,0,1,0,0,2300
81,145000,2009,0,0,0,0,0,6400
79,173000,2000,0,0,0,0,0,1700
74,174000,2005,1,0,0,1,0,3750
79,237000,2003,0,0,0,1,0,1900
63,180000,2005,0,0,1,0,0,3200
63,236000,2003,0,0,1,0,0,2500
63,251000,2006,0,0,1,0,0,3500
79,178000,2003,0,0,0,1,0,1550
60,160000,2005,0,0,0,1,0,4000
78,160000,2006,0,0,1,0,0,3990
59,210000,2000,0,0,0,1,0,1850
77,239000,2003,0,0,1,0,0,2400
77,154000,2009,1,0,1,0,0,6150
79,184000,2002,0,0,0,0,1,2100
96,188000,2006,0,0,0,1,0,4000
66,103000,2009,0,0,1,0,0,6250
79,230000,2000,0,0,0,0,0,1700
110,213000,2007,1,0,0,1,0,4300
72,172168,2004,0,0,0,0,0,3499
77,212000,2006,0,0,0,1,0,4100
85,131000,2003,1,0,0,0,0,3400
74,162000,2004,0,0,1,0,0,3199
88,220000,2004,1,0,0,1,0,3000
96,207000,2010,0,0,0,1,0,6499
78,200000,2011,1,0,0,1,0,8000
88,160000,2003,1,0,0,0,0,3099
60,176000,2003,0,0,1,0,0,2900
63,300000,2008,0,0,0,0,0,2950
60,219861,2003,1,0,1,0,0,2750
79,213000,2001,0,0,1,0,0,2050
75,184000,2001,0,0,1,0,0,2199
60,172227,2003,1,0,1,0,0,2950
60,214000,2005,0,0,1,0,0,2850
81,69000,2010,1,0,0,0,1,9500
74,175000,2005,1,1,0,0,0,3600
88,185000,2003,0,0,0,0,0,3200
70,210000,2001,0,0,1,0,0,2000
86,51000,2009,1,0,0,0,1,9000
59,250000,2002,0,0,0,1,0,1999
74,98500,2009,1,0,1,0,0,6200
78,171717,2009,0,0,1,0,0,5450
60,195478,2003,0,0,1,0,0,2600
61,166800,2005,1,0,0,0,0,3200
60,193000,2004,0,0,0,1,0,3600
60,135000,2004,0,0,1,0,0,3399
96,253000,2008,0,0,1,0,0,4250
63,170000,2008,0,0,0,0,0,4600
63,177000,2006,0,0,0,1,0,2850
96,203000,2007,1,0,0,1,0,4150
75,220354,2002,0,0,0,1,0,1900
60,115000,2004,0,0,1,0,0,2700
79,196000,2001,0,0,0,1,0,2300
88,225000,2003,1,0,0,0,0,2850
74,88000,2011,0,0,0,0,0,6750
79,201500,2001,0,0,0,0,1,2250
62,196000,2009,0,0,0,1,0,4600
59,210000,2001,0,0,0,1,0,2100
72,199000,2003,0,0,1,0,0,2200
60,194000,2004,0,0,0,0,1,2790
88,167000,2004,0,0,0,1,0,2800
66,159200,2003,1,0,0,0,0,2700
79,190000,2002,0,0,1,0,0,1799
75,71100,2010,0,0,1,0,0,6900
75,100000,2002,1,0,0,1,0,2100
63,162000,2007,0,0,1,0,0,3500
64,171080,2005,0,0,0,1,0,3600
88,217000,2003,1,0,1,0,0,2950
88,206450,2003,1,0,1,0,0,2950
88,190000,2003,1,0,1,0,0,2799
83,169000,2005,1,0,0,1,0,3200
60,123900,2005,0,0,1,0,0,3300
63,190000,2007,0,0,1,0,0,4000
79,251121,2002,0,0,0,1,0,2155
63,202000,2006,0,0,0,1,0,3750
66,131000,2010,0,0,0,1,0,5900
96,145000,2006,1,0,0,1,0,5000
75,260000,2001,0,0,0,1,0,1750
88,212300,2003,1,0,0,0,0,2800
83,175000,2003,1,0,1,0,0,3100
83,195000,2005,1,0,1,0,0,3199
75,185000,2007,1,0,0,1,0,2900
70,136000,2001,0,0,0,0,0,2199
96,199455,2008,0,0,0,1,0,4800
88,223000,2001,0,0,0,1,0,2399
60,250000,2005,0,0,1,0,0,2250
96,212000,2007,0,0,0,1,0,4000
76,180000,2008,1,0,0,1,0,4500
79,276000,2001,0,0,0,1,0,2150
77,197000,2006,1,0,1,0,0,4000
88,186000,2004,1,0,0,0,0,3530
88,211000,2004,0,0,0,0,0,3150
88,226500,2003,0,0,0,0,0,2450
60,220000,2005,0,0,1,0,0,2500
96,182000,2010,0,0,0,1,0,6600
88,230000,2004,1,0,0,1,0,2700
79,158414,2001,0,0,0,1,0,2100
88,165209,2004,1,0,0,1,0,3200
86,216000,2004,1,0,0,1,0,2350
5,120000,2002,0,0,0,0,0,1850
75,185000,2002,0,0,1,0,0,2350
75,121000,2002,0,0,0,0,1,1100
88,180000,2005,1,0,0,1,0,2750
60,298000,2004,0,0,1,0,0,3450
85,234600,2002,0,0,0,0,0,2400
66,203194,2004,1,0,1,0,0,3100
60,210000,2004,0,0,1,0,0,3300
74,182000,2004,0,0,0,0,0,3000
81,58000,2010,0,0,0,0,0,7000
79,210000,2001,0,0,1,0,0,2000
81,180000,2010,1,0,1,0,0,7000
72,160000,2003,0,0,1,0,0,2990
70,195500,2002,0,0,0,1,0,2299
74,33000,2013,1,0,1,0,0,8200
78,142000,2006,1,0,0,1,0,4300
74,172820,2004,0,0,0,1,0,3100
78,108000,2006,1,0,1,0,0,4999
96,138450,2007,0,0,0,1,0,3850
60,184010,2004,0,0,1,0,0,3700
60,180000,2004,1,0,0,0,0,3150
60,187000,2005,0,0,1,0,0,2750
60,165000,2004,1,0,1,0,0,2800
83,263600,2005,0,0,0,1,0,3050
83,150551,2004,1,0,0,1,0,3200
88,197698,2003,1,0,1,0,0,2900
51,87180,2002,0,0,0,1,0,2100
88,260000,2003,0,0,1,0,0,2399
79,224000,2001,0,0,0,0,1,1700
88,197000,2004,0,0,0,0,0,2950
60,250000,2002,0,0,0,1,0,2050
48,230000,2000,0,0,1,0,0,1500
88,165000,2003,1,0,1,0,0,3700
60,167000,2004,0,0,1,0,0,3500
83,155235,2003,1,0,1,0,0,2800
88,202000,2003,0,0,1,0,0,2800
78,196000,2006,0,0,0,0,0,3150
63,192000,2008,0,0,1,0,0,3500
88,120000,2003,0,0,1,0,0,3000
78,169000,2006,1,0,1,0,0,3150
88,155000,2006,1,1,0,1,0,4500
82,190000,2006,0,0,0,0,0,3700
59,192000,2002,0,0,1,0,0,2480
72,154231,2008,0,0,0,0,0,5499
59,157000,2001,0,0,1,0,0,1850
88,187000,2004,0,0,1,0,0,2850
88,161000,2004,1,0,1,0,0,3000
88,199320,2003,1,0,0,0,0,3100
74,197000,2001,0,0,0,1,0,1450
79,217000,2001,0,0,0,0,0,2800
83,152000,2003,1,0,1,0,0,2350
83,123000,2003,0,0,0,0,1,2500
99,203000,2004,1,1,0,0,0,3300
63,150000,2007,0,0,0,0,0,3000
75,116000,2001,0,0,0,0,0,2300
81,253220,2012,0,0,0,1,0,6390
75,200000,2002,0,0,0,1,0,2290
70,178230,2002,0,0,0,1,0,1800
60,185000,2004,0,0,1,0,0,2699
99,112500,2008,0,0,0,1,0,4490
68,187650,2010,0,0,1,0,0,5600
96,210000,2007,0,1,0,1,0,4300
99,209500,2007,1,0,0,1,0,4200
70,102000,2001,1,0,1,0,0,2200
75,198652,2001,0,0,0,1,0,950
96,186000,2005,0,0,0,1,0,3250
63,152000,2009,0,0,0,0,0,4999
65,210000,2008,0,0,0,0,0,4000
110,152000,2008,1,0,0,1,0,4900
169,84000,2007,1,0,0,0,1,9200
63,208000,2007,0,0,1,0,0,4200
72,166500,2003,0,0,1,0,0,2750
63,180000,2007,0,0,0,0,0,3999
60,150000,2004,1,0,0,0,0,3000
88,235000,2003,0,0,0,0,0,2850
63,175000,2007,0,0,1,0,0,3990
96,172937,2006,1,0,0,1,0,4500
66,160000,2004,1,0,0,0,0,2800
78,198000,2006,0,0,0,1,0,3800
74,201100,2002,0,0,0,1,0,2200
79,254000,2000,0,0,0,0,0,2100
88,190000,2003,1,0,1,0,0,3320
88,197431,2004,1,0,0,1,0,2600
60,182560,2004,0,0,1,0,0,2600
75,178000,2001,0,0,0,1,0,2200
98,114000,2004,1,1,1,0,0,3199
83,115000,2003,0,0,1,0,0,3000
88,195000,2003,0,0,0,0,0,2650
81,152000,2007,0,0,0,1,0,3450
63,170701,2006,1,0,1,0,0,3700
60,165109,2005,0,0,0,0,0,2900
88,223000,2004,1,0,0,1,0,3400
60,163000,2003,0,0,0,0,0,2999
75,174000,2001,0,0,0,0,1,1990
66,177432,2013,1,0,0,1,0,7890
88,171261,2003,0,0,0,0,0,2800
63,168453,2010,0,0,1,0,0,5999
78,143000,2007,0,0,0,1,0,3800
74,230000,2004,1,0,1,0,0,3300
96,170000,2009,1,0,1,0,0,6800
60,197000,2003,0,0,0,0,0,3000
78,157000,2006,1,0,0,1,0,4450
78,200000,2008,0,0,1,0,0,4550
60,170000,2005,0,0,1,0,0,2500
88,212000,2004,1,0,1,0,0,2900
70,225000,2003,0,0,0,0,0,2350
88,175000,2004,1,0,1,0,0,2900
63,103000,2006,0,0,1,0,0,3950
74,120000,2001,0,0,0,1,0,1850
63,121000,2008,0,0,1,0,0,3800
63,201000,2003,0,0,0,0,0,2950
75,165000,2003,0,0,0,1,0,1950
83,246000,2003,1,0,0,1,0,2800
88,210000,2004,0,0,0,1,0,2999
60,307500,2004,0,0,0,0,0,3150
63,170000,2004,0,0,0,1,0,2999
75,192000,2001,0,0,1,0,0,2550
63,153000,2008,0,0,0,0,0,5100
75,180000,2002,0,0,1,0,0,2850
108,170000,2003,1,0,1,0,0,2500
75,280000,2000,0,0,1,0,0,1950
88,215000,2004,0,0,0,1,0,3100
63,136000,2008,1,0,1,0,0,4200
68,149359,2011,0,0,0,0,0,6900
78,220000,2007,0,0,0,0,0,3800
66,158000,2010,0,0,1,0,0,6750
74,186000,2005,0,0,1,0,0,3400
88,162000,2003,1,0,1,0,0,3300
78,170000,2006,1,0,0,1,0,3450
79,181000,2001,0,0,0,0,1,2350
81,167000,2011,1,0,0,1,0,7550
78,165000,2007,0,0,1,0,0,4200
88,209000,2003,1,0,1,0,0,3199
78,229500,2006,0,0,0,0,0,3150
60,225000,2004,0,0,1,0,0,3100
63,207000,2008,0,0,1,0,0,4200
79,190000,2002,0,0,0,1,0,2100
88,187000,2004,0,0,1,0,0,3000
79,139133,2002,0,0,0,0,1,1650
79,153652,2003,0,0,0,1,0,1999
98,205000,2008,1,1,0,1,0,3300
80,200000,2003,1,0,1,0,0,2550
74,105000,2010,0,0,0,1,0,7350
88,200000,2005,1,0,1,0,0,3700
60,185000,2003,0,0,1,0,0,2500
70,222320,2001,0,0,0,0,1,1890
98,200000,2004,1,0,0,1,0,2900
82,159340,2006,1,0,0,1,0,3150
88,191231,2003,1,0,1,0,0,2749
63,171662,2009,1,0,0,0,0,6290
60,178000,2003,0,0,1,0,0,2500
96,167000,2009,1,0,0,1,0,6500
88,245000,2003,0,0,1,0,0,2300
88,185335,2003,1,0,1,0,0,2450
77,228000,2006,1,0,1,0,0,3900
83,204000,2004,1,0,0,1,0,3300
60,189000,2003,1,0,1,0,0,2600
63,204200,2006,1,0,1,0,0,3550
60,236000,2004,0,0,1,0,0,3100
83,178500,2003,1,0,1,0,0,3300
96,166900,2007,1,1,1,0,0,4300
81,192730,2011,0,1,0,1,0,7290
66,170870,2012,0,0,0,1,0,7600
79,183000,2001,0,0,0,0,1,1750
79,288333,2002,0,0,1,0,0,1400
75,168000,2002,0,0,0,1,0,2700
74,156453,2004,0,0,1,0,0,3200
60,230000,2004,0,0,1,0,0,2800
72,146300,2004,1,0,0,1,0,3400
66,240000,2002,0,0,0,0,0,2700
75,264000,2002,0,0,0,1,0,2080
60,220000,2004,0,0,0,0,0,3000
83,176558,2003,1,0,1,0,0,3250
