66,160915,2012,0,0,0,0,0,6990
83,166000,2003,1,0,0,0,0,2750
72,119446,2003,0,0,1,0,0,2799
66,161508,2011,0,0,0,1,0,6799
96,152000,2007,1,0,0,0,0,3650
83,157000,2005,1,0,1,0,0,2950
74,154430,2004,1,0,1,0,0,3450
66,189658,2013,0,0,1,0,0,7590
66,150000,2010,0,0,1,0,0,6190
78,220000,2007,0,0,0,0,0,3700
78,107125,2005,0,0,0,1,0,3500
60,109655,2003,1,0,1,0,0,2800
78,128000,2007,0,0,0,1,0,5000
88,127548,2003,0,0,1,0,0,2700
60,110212,2003,0,0,1,0,0,2800
88,115215,2003,0,0,1,0,0,2600
63,168000,2006,1,0,0,0,0,3699
60,168000,2003,1,0,0,0,0,2350
88,161500,2004,1,0,0,1,0,2790
81,118000,2012,0,0,1,0,0,6990
74,219000,2004,1,0,1,0,0,3390
96,163000,2010,0,0,0,1,0,6298
66,115347,2011,0,0,0,0,0,6100
66,160071,2012,0,0,0,1,0,6800
83,177500,2004,0,0,0,1,0,2850
66,160915,2012,0,0,0,0,0,6990
83,166000,2003,1,0,0,0,0,2750
72,119446,2003,0,0,1,0,0,2799
66,161508,2011,0,0,0,1,0,6799
96,152000,2007,1,0,0,0,0,3650
83,157000,2005,1,0,1,0,0,2950
74,154430,2004,1,0,1,0,0,3450
66,189658,2013,0,0,1,0,0,7590
66,150000,2010,0,0,1,0,0,6190
78,220000,2007,0,0,0,0,0,3700
78,107125,2005,0,0,0,1,0,3500
60,109655,2003,1,0,1,0,0,2800
78,128000,2007,0,0,0,1,0,5000
88,127548,2003,0,0,1,0,0,2700
60,110212,2003,0,0,1,0,0,2800
88,115215,2003,0,0,1,0,0,2600
63,168000,2006,1,0,0,0,0,3699
60,168000,2003,1,0,0,0,0,2350
88,161500,2004,1,0,0,1,0,2790
81,118000,2012,0,0,1,0,0,6990
74,219000,2004,1,0,1,0,0,3390
96,163000,2010,0,0,0,1,0,6298
66,115347,2011,0,0,0,0,0,6100
66,160071,2012,0,0,0,1,0,6800
83,177500,2004,0,0,0,1,0,2850
74,213700,2005,1,0,0,1,0,3350
88,175640,2005,1,0,0,1,0,2950
66,160000,2004,0,0,1,0,0,2850
88,172000,2004,1,0,0,0,0,3000
74,91000,2012,0,0,1,0,0,7100
66,116000,2012,0,0,1,0,0,7200
75,172775,2001,0,0,0,1,0,1999
96,146000,2006,1,0,0,1,0,3695
96,152213,2008,0,0,0,1,0,4190
59,208000,2002,0,0,1,0,0,2550
66,130569,2013,0,0,0,0,0,6850
60,115653,2003,1,0,0,0,0,2950
88,136444,2003,1,0,0,0,0,3050
66,133000,2011,0,0,0,0,0,6700
63,191000,2006,1,0,0,0,0,4100
63,231000,2006,0,0,1,0,0,3100
66,178000,2011,0,0,0,1,0,6699
88,176000,2004,0,0,0,1,0,2190
96,150356,2006,1,0,0,1,0,3490
78,167202,2006,0,0,1,0,0,3799
60,144000,2005,0,0,0,1,0,2750
88,170000,2004,0,0,1,0,0,3100
96,171189,2008,1,0,1,0,0,4590
81,150148,2010,0,0,0,1,0,6390
81,76909,2011,1,0,0,1,0,8290
78,110869,2010,1,0,0,1,0,6990
88,52000,2004,1,0,0,0,0,3800
88,181000,2004,1,0,0,1,0,2750
81,146000,2011,1,0,0,1,0,7500
63,197541,2005,1,0,0,0,0,3190
81,120458,2012,0,0,0,0,0,6750
88,179380,2004,1,0,1,0,0,3390
63,179625,2006,0,0,0,1,0,2999
96,218000,2005,1,0,0,1,0,3650
81,147000,2009,1,0,1,0,0,5990
88,182000,2005,1,0,0,1,0,3399
66,169000,2009,1,0,0,0,0,5900
70,201000,2001,0,0,0,1,0,2550
80,169842,2012,1,0,0,1,0,6850
66,164248,2013,0,0,0,0,0,7290
96,238000,2006,1,0,0,1,0,3400
72,178000,2003,1,0,1,0,0,2790
88,165000,2004,1,0,1,0,0,2790
63,150000,2010,1,0,0,1,0,6650
88,179000,2004,1,0,0,1,0,3399
66,133400,2012,0,0,0,1,0,6850
66,179937,2011,0,0,1,0,0,6650
66,41500,2013,0,0,1,0,0,9650
63,124000,2010,0,0,0,1,0,6250
55,208000,2001,0,0,0,0,0,1900
74,136000,2005,0,0,0,1,0,3040
96,210000,2006,1,0,0,1,0,2800
66,160433,2011,0,0,0,1,0,9390
81,88000,2011,1,0,1,0,0,7490
66,110000,2010,0,0,0,1,0,6450
81,106000,2009,1,0,1,0,0,6290
60,204000,2005,0,0,1,0,0,2250
60,172652,2003,1,0,0,0,0,2850
88,171200,2004,1,0,0,1,0,2890
83,175000,2004,0,0,1,0,0,2550
88,172000,2003,0,0,0,0,0,2790
88,147695,2004,1,0,0,1,0,2990
81,160487,2012,0,0,1,0,0,6690
81,68000,2009,1,0,1,0,0,6900
70,188000,2001,0,0,0,0,0,2350
88,189200,2005,1,0,0,1,0,2850
98,198000,2003,1,0,1,0,0,2600
88,205000,2004,1,0,0,1,0,2990
75,151150,2008,1,0,1,0,0,3590
79,196000,2003,0,0,0,1,0,2499
82,108200,2006,0,0,1,0,0,2800
79,145000,2002,0,0,0,0,0,2399
72,147000,2004,0,0,0,0,0,2799
66,122000,2010,1,0,1,0,0,5999
85,51000,2009,1,0,0,0,1,7950
79,183290,2001,0,0,0,1,0,2090
81,157151,2010,1,0,1,0,0,7300
96,220000,2006,1,0,0,1,0,2780
96,250000,2006,0,0,0,1,0,3299
88,211000,2005,0,0,1,0,0,2499
90,168000,2004,1,0,0,1,0,2850
78,221500,2007,1,0,0,0,0,4490
96,133000,2010,1,0,0,1,0,6590
103,60000,2009,1,1,1,0,0,7500
60,200000,2005,0,0,1,0,0,3050
74,250000,2004,0,0,0,0,0,2900
66,164000,2012,1,0,0,1,0,6950
88,152000,2004,1,0,1,0,0,3700
88,170000,2004,1,0,0,1,0,3000
96,157000,2010,1,0,0,1,0,7750
88,180000,2004,1,0,1,0,0,2799
79,212000,2002,0,0,0,0,0,2350
81,144000,2012,0,0,0,0,0,7450
88,184000,2005,0,0,0,1,0,2590
74,179987,2004,1,0,0,1,0,2990
80,195000,2004,1,0,1,0,0,3190
66,247300,2013,0,0,0,1,0,6990
88,175000,2005,0,0,0,1,0,2799
58,206000,2003,0,0,0,0,0,3000
88,131099,2004,0,0,1,0,0,3300
88,137435,2004,1,0,0,1,0,3200
79,161000,2001,0,0,1,0,0,2050
77,164000,2003,0,0,0,1,0,2199
60,159306,2004,0,0,0,0,0,2700
70,125000,2011,0,0,1,0,0,6150
59,192000,2002,0,0,0,1,0,2300
55,190000,2005,0,0,0,1,0,2890
85,180000,2001,0,0,0,1,0,1550
60,227204,2004,0,0,0,0,0,2990
60,179000,2004,0,0,0,1,0,2800
88,173000,2003,1,0,0,0,0,3100
83,130000,2003,1,0,1,0,0,3000
80,128000,2001,1,0,1,0,0,1900
70,216000,2001,0,0,0,0,1,1150
75,182000,2003,0,0,0,1,0,1800
78,172300,2008,0,0,1,0,0,3250
75,185000,2002,0,0,0,1,0,2100
79,183245,2001,0,1,1,0,0,2450
59,210000,2001,0,0,0,1,0,2100
78,210000,2002,0,0,0,0,1,1850
70,157500,2002,0,0,0,0,1,1400
79,87000,2002,0,0,0,1,0,1600
88,168000,2005,0,0,0,1,0,2499
60,222602,2002,0,0,0,0,0,1399
88,234000,2004,0,0,0,1,0,2450
96,192000,2005,1,0,0,1,0,3399
78,185000,2007,1,0,0,0,0,4299
88,98000,2004,1,0,0,0,0,3200
75,265236,2001,0,0,0,1,0,1799
79,137000,2002,0,0,1,0,0,2100
81,25000,2011,0,0,1,0,0,9500
78,196000,2006,0,0,0,0,0,3150
79,228000,2002,0,0,0,1,0,2750
74,201000,2004,1,0,1,0,0,2800
78,229500,2006,0,0,0,0,0,2800
60,196000,2004,1,0,0,1,0,3000
75,71100,2010,0,0,1,0,0,6900
78,137000,2010,1,0,0,1,0,6990
81,162000,2011,0,0,1,0,0,6350
66,207513,2011,0,0,1,0,0,6200
60,217581,2005,1,0,0,0,0,3450
59,165000,2001,0,0,0,0,0,2100
88,187000,2004,1,0,0,0,0,3250
78,174000,2006,1,0,0,1,0,3750
77,173000,2006,1,0,1,0,0,3400
88,240000,2004,1,0,0,0,0,3150
78,200000,2008,0,0,0,1,0,3950
88,180000,2003,1,0,0,1,0,3200
60,219000,2005,1,0,0,0,0,3200
63,240000,2005,0,0,1,0,0,3100
66,155388,2011,0,0,0,1,0,6390
88,156300,2004,1,0,0,0,0,3695
82,177911,2010,1,0,0,0,0,6750
82,126000,2006,1,0,1,0,0,3700
63,160000,2007,1,0,0,0,0,4500
66,158000,2011,1,0,0,1,0,7200
84,203000,2005,1,0,1,0,0,3250
63,181000,2005,0,0,1,0,0,2600
60,176000,2003,0,0,0,0,0,2550
85,176000,2002,0,0,0,0,0,2450
79,167000,2001,0,0,0,1,0,1799
63,230000,2005,0,0,1,0,0,2999
81,74000,2010,0,0,1,0,0,6150
83,125000,2002,0,0,1,0,0,2600
96,173000,2007,0,0,0,1,0,3450
74,190000,2003,0,0,0,1,0,2500
60,150000,2004,0,0,1,0,0,3299
63,157000,2007,0,0,0,0,0,4000
81,134500,2010,0,0,0,1,0,5890
75,260400,2002,0,0,1,0,0,2300
85,230000,2001,0,0,1,0,0,1950
96,184000,2006,0,0,1,0,0,3790
60,187500,2004,0,0,0,1,0,3199
75,200000,2005,0,0,1,0,0,3000
99,127659,2004,1,0,0,1,0,3000
63,180000,2008,0,0,0,0,0,4400
83,125503,2005,1,0,1,0,0,3100
88,176000,2003,0,0,1,0,0,2550
78,198000,2006,0,0,0,1,0,4000
63,134222,2008,0,0,0,0,0,4100
110,242947,2006,0,0,1,0,0,3900
83,225000,2003,0,0,0,1,0,2900
70,140000,2000,0,0,1,0,0,1700
60,215000,2003,0,0,0,0,0,3150
63,80000,2010,0,0,1,0,0,6490
74,220141,2004,1,0,0,0,0,3000
63,234000,2006,0,0,1,0,0,2650
63,175809,2006,1,0,1,0,0,3599
63,169000,2007,0,0,0,0,0,4500
81,175400,2011,1,1,0,1,0,6699
66,176000,2012,1,0,0,1,0,7900
88,175000,2003,1,0,0,1,0,3200
88,170000,2003,0,0,0,1,0,2190
66,146300,2012,1,0,0,1,0,6950
88,141000,2004,1,0,1,0,0,2950
59,195500,2001,0,0,0,1,0,2050
66,139522,2012,0,0,1,0,0,7999
79,186000,2001,0,0,0,1,0,2200
66,149000,2010,0,0,0,1,0,6550
79,163000,2002,0,0,0,1,0,1990
79,194800,2002,0,0,0,1,0,2150
79,135000,2002,0,0,1,0,0,2300
77,194000,2004,0,0,0,0,0,2900
60,184000,2004,0,0,1,0,0,2950
88,186000,2004,1,0,1,0,0,2950
76,183000,2005,0,0,0,1,0,2699
75,223000,2002,0,0,0,1,0,1599
85,140000,2002,0,0,1,0,0,2100
60,154000,2003,0,0,0,0,0,2950
75,240000,2001,0,0,0,1,0,2200
78,217000,2006,0,0,0,1,0,4100
59,200000,2002,0,0,0,1,0,2200
70,139000,2001,0,0,0,1,0,2180
75,238000,2001,0,0,0,1,0,2000
96,147800,2005,0,0,0,1,0,2900
88,171595,2005,1,0,0,1,0,2850
96,186224,2008,1,0,0,1,0,3800
88,210000,2003,0,0,1,0,0,2199
83,168000,2002,1,0,1,0,0,2450
74,158000,2005,0,0,1,0,0,2750
74,163000,2005,0,0,0,1,0,4000
83,170000,2003,0,0,1,0,0,2300
88,185000,2005,0,0,0,1,0,2590
81,266018,2006,0,0,0,1,0,3350
60,226000,2003,1,0,1,0,0,2450
88,154000,2003,1,0,1,0,0,2750
74,159000,2005,0,0,0,1,0,3099
83,147749,2005,0,0,1,0,0,3750
110,130800,2006,1,0,1,0,0,3950
88,186000,2004,0,0,0,0,0,3999
60,214000,2004,1,0,0,1,0,2990
60,243527,2004,0,0,0,0,0,3000
78,200000,2008,0,0,0,1,0,3950
65,299000,2006,0,0,0,1,0,2290
66,162132,2010,1,0,0,1,0,6450
88,140899,2004,1,0,0,0,0,2850
96,152000,2010,0,0,0,1,0,6250
889,146243,2004,1,0,0,1,0,3100
66,115000,2012,0,0,1,0,0,6850
88,180000,2005,1,0,1,0,0,2800
72,91000,2004,0,0,1,0,0,3300
60,191250,2004,0,0,1,0,0,2750
81,126000,2011,0,0,1,0,0,7499
60,171271,2004,0,0,1,0,0,2650
88,179000,2004,1,0,0,1,0,2800
74,180000,2003,0,0,0,1,0,1699
63,173200,2006,0,0,1,0,0,3400
88,207000,2003,1,0,1,0,0,2650
88,189000,2004,1,0,0,1,0,3300
60,195000,2003,0,0,1,0,0,2999
74,150000,2003,0,0,0,0,0,2300
63,315840,2007,0,0,0,0,0,3200
88,180000,2003,1,0,0,0,0,2900
97,290000,2005,0,0,0,1,0,3200
66,126380,2011,0,0,1,0,0,6250
88,190000,2005,0,0,0,1,0,2990
66,28000,2001,0,0,0,1,0,1550
60,195000,2003,0,0,0,0,0,2600
83,136000,2003,0,0,0,0,0,2350
96,169184,2005,1,0,0,1,0,3200
88,211000,2004,0,0,1,0,0,2699
74,281000,2001,0,0,1,0,0,2100
66,142000,2010,0,0,1,0,0,6200
88,185000,2003,0,0,1,0,0,2700
74,173000,2005,1,0,1,0,0,3100
70,180877,2001,0,0,0,0,1,2100
78,211000,2006,1,0,1,0,0,3200
83,127400,2003,1,0,1,0,0,2790
72,168000,2005,1,0,0,1,0,3550
78,192000,2009,0,0,0,0,1,3950
83,200000,2003,1,0,0,0,0,3100
88,220000,2003,0,0,0,1,0,2700
76,200000,2003,0,0,1,0,0,2299
83,163000,2004,0,0,0,0,0,3000
60,216000,2005,0,0,1,0,0,2499
75,161000,2001,0,0,0,1,0,1850
63,159658,2008,1,0,0,0,0,3500
63,163133,2010,0,0,1,0,0,6350
77,140000,2002,0,0,0,0,0,2690
63,163214,2006,1,0,0,1,0,3600
63,129000,2009,0,0,1,0,0,5950
74,125000,2009,0,0,1,0,0,6199
66,149000,2012,0,0,0,0,0,6750
55,137000,2001,0,0,1,0,0,2050
96,40000,2011,1,0,0,0,1,9150
81,99800,2011,1,0,1,0,0,7300
88,158100,2003,1,0,0,0,0,2980
88,136000,2004,1,0,0,1,0,2599
88,175048,2003,1,0,0,0,0,2890
66,122423,2003,0,0,1,0,0,3100
66,180000,2003,0,0,1,0,0,2000
88,201000,2007,0,0,0,1,0,4500
88,164000,2004,0,0,0,0,0,3450
88,162980,2005,0,0,0,1,0,2899
60,165300,2003,0,0,0,0,0,2890
78,218000,2006,1,0,0,1,0,3700
60,140000,2004,1,0,1,0,0,2850
88,156700,2007,0,0,0,1,0,3300
74,195000,2004,0,0,0,1,0,2750
60,202000,2003,0,0,0,0,0,2200
63,163000,2010,0,0,0,0,0,6650
88,245000,2005,0,0,0,0,0,3199
61,202000,2006,0,0,0,0,1,3400
63,186000,2008,0,0,1,0,0,4100
83,203500,2004,1,1,0,1,0,2180
88,185000,2004,1,0,0,1,0,3450
88,202568,2003,0,0,1,0,0,2550
78,170000,2005,1,0,1,0,0,3399
88,179882,2003,0,0,1,0,0,3000
96,177500,2006,1,0,0,1,0,4190
75,180200,2001,0,0,1,0,0,2100
75,300000,2002,0,0,0,1,0,1550
88,230000,2005,0,0,0,1,0,3500
60,178000,2004,0,0,0,1,0,2550
74,165000,2005,1,0,1,0,0,3200
63,243000,2006,0,0,1,0,0,3100
74,206043,2004,1,0,0,0,0,3050
60,164196,2003,1,0,1,0,0,3050
75,154000,2002,0,0,0,1,0,2400
75,220000,2003,0,0,0,0,1,2500
88,212000,2003,0,0,1,0,0,2850
63,140000,2007,0,0,1,0,0,4400
66,148000,2009,0,0,1,0,0,6400
66,174000,2011,0,0,0,0,0,6500
47,160000,2000,0,0,1,0,0,2000
59,153000,2002,0,0,0,1,0,1850
88,234000,2003,1,0,0,1,0,2350
63,99000,2010,0,0,0,0,0,7200
78,199000,2006,0,0,0,1,0,2890
81,170000,2010,1,0,1,0,0,7700
68,156000,2012,0,0,0,1,0,6550
81,170370,2012,0,0,1,0,0,6500
66,130469,2011,1,0,1,0,0,7599
110,132000,2006,1,0,1,0,0,3900
78,170000,2007,0,0,0,1,0,3790
75,158000,2001,0,0,0,1,0,1790
63,146000,2007,0,0,0,0,0,3500
88,115000,2005,1,0,0,0,0,3400
81,162087,2010,0,0,1,0,0,6790
88,229903,2004,1,0,0,1,0,2800
60,198000,2003,0,0,1,0,0,2700
88,218745,2004,0,0,1,0,0,3100
60,161200,2003,1,0,1,0,0,2499
86,205000,2003,1,0,0,0,0,2850
83,199000,2004,0,0,0,1,0,1399
63,200000,2004,1,0,1,0,0,2800
75,203000,2002,0,0,0,0,0,2050
59,177000,2001,0,0,0,1,0,2200
79,200000,2002,0,0,0,1,0,2100
96,109200,2008,1,0,0,1,0,4750
79,201500,2001,0,0,1,0,0,2250
79,207000,2003,0,0,0,1,0,1500
60,170000,2003,1,0,0,0,0,2650
85,230000,2006,0,0,0,0,0,3600
72,142581,2003,0,0,0,0,0,2650
60,230000,2005,0,0,1,0,0,2700
74,188000,2003,1,0,0,0,0,2600
55,100000,2002,0,0,0,1,0,1800
88,243156,2005,1,0,0,1,0,3600
74,186000,2004,0,0,1,0,0,2300
79,183000,2001,0,0,0,0,1,1790
88,90000,2004,0,0,0,1,0,2950
78,89000,2009,1,0,1,0,0,6800
79,110234,2002,0,0,1,0,0,1899
60,228000,2004,0,0,1,0,0,2950
77,150000,2003,0,0,1,0,0,2800
132,81000,2009,1,0,0,0,1,7490
83,218000,2005,0,1,0,1,0,2900
81,210860,2010,1,0,0,1,0,6640
88,280000,2004,1,0,1,0,0,3000
74,118000,2005,0,0,0,1,0,3200
90,215000,2004,1,0,0,1,0,2950
64,143000,2007,1,0,0,1,0,3350
88,188000,2004,0,0,0,0,0,2600
169,84000,2007,1,0,0,0,1,9200
88,167900,2003,0,0,1,0,0,2900
110,131825,2010,1,1,0,1,0,7290
77,174980,2007,1,0,0,0,0,3350
96,180000,2008,1,1,0,1,0,3650
74,33000,2013,1,0,1,0,0,8999
81,190000,2012,0,0,0,1,0,6990
83,150551,2004,1,0,0,1,0,3200
62,180000,2005,0,0,0,1,0,2699
63,167042,2010,0,0,1,0,0,6100
63,154900,2010,0,0,1,0,0,5690
88,197698,2003,1,0,1,0,0,2900
88,146900,2004,1,0,0,1,0,2650
88,180000,2003,1,0,1,0,0,2650
88,185221,2004,1,0,0,1,0,2999
85,167000,2002,0,0,1,0,0,1700
78,164348,2009,1,0,0,0,0,5150
66,181000,2011,0,0,1,0,0,6100
63,153000,2010,0,0,0,0,0,6200
77,144000,2008,1,0,0,0,1,4950
75,193000,2002,0,0,0,1,0,2350
96,182000,2007,0,0,0,1,0,4250
77,40000,2012,0,0,1,0,0,8300
96,60000,2006,1,0,0,1,0,3099
70,140500,2003,0,0,0,1,0,2199
63,147200,2006,0,0,0,1,0,3599
89,205000,2007,1,0,0,1,0,2550
60,138000,2004,0,0,1,0,0,2999
110,185000,2007,0,0,1,0,0,5990
96,170000,2009,1,0,1,0,0,6800
103,245003,2001,0,0,0,0,1,3000
88,261000,2004,1,0,1,0,0,3300
60,210000,2004,0,0,0,0,0,3000
60,202000,2003,0,0,1,0,0,2800
74,215000,2002,0,0,1,0,0,1800
108,220000,2001,0,0,0,0,1,2350
63,185200,2007,0,0,0,0,0,5000
60,175812,2003,0,0,0,0,0,3000
79,210000,2002,0,0,0,0,1,1650
83,164509,2004,0,1,0,1,0,3100
60,195000,2004,0,0,0,0,0,2900
83,230400,2003,1,0,0,0,1,2800
79,167000,2001,0,0,0,0,0,1750
75,295000,2002,0,0,0,1,0,2100
60,171601,2005,1,0,1,0,0,3150
79,149750,2002,0,0,0,0,0,2499
63,175000,2010,0,0,1,0,0,5900
85,260000,2002,0,0,0,0,0,1899
96,172000,2010,0,0,0,0,0,6350
88,194571,2003,0,0,0,0,0,2350
96,124701,2008,1,0,0,1,0,4550
88,167000,2003,1,0,1,0,0,3400
70,235000,2001,0,0,0,1,0,1600
60,189000,2005,1,0,1,0,0,3599
60,250000,2003,0,0,1,0,0,2100
96,152216,2005,1,0,0,1,0,2899
88,160000,2004,1,0,0,1,0,2700
96,87000,2010,1,0,0,1,0,6450
79,192348,2001,0,0,1,0,0,1999
72,172168,2004,0,0,0,0,0,3499
74,191000,2005,0,0,1,0,0,2750
88,132407,2004,0,0,0,0,0,2950
88,167000,2004,0,0,0,1,0,2550
74,171544,2004,1,0,1,0,0,2800
74,120000,2004,0,0,0,1,0,3190
72,133000,2004,0,0,0,0,0,2950
88,120256,2004,1,0,0,1,0,3250
84,136000,2007,0,0,1,0,0,3700
81,58000,2012,1,0,1,0,0,8300
60,140000,2004,1,0,0,1,0,2699
60,196000,2004,0,0,1,0,0,2700
54,195000,2001,0,0,0,0,1,1500
88,170000,2003,0,0,1,0,0,2600
79,133000,2001,0,0,0,0,0,2500
75,161857,2001,0,0,0,1,0,2700
63,176000,2009,1,0,1,0,0,6400
66,140000,2010,0,0,0,1,0,6299
65,165899,2001,0,0,0,1,0,2190
55,210000,2001,0,0,0,1,0,1800
85,219000,2005,1,0,0,1,0,2830
88,132000,2004,1,0,0,1,0,3290
75,178000,2001,0,0,0,1,0,2150
60,164500,2003,0,0,1,0,0,2650
80,140000,2007,1,0,1,0,0,3900
74,195140,2001,0,0,0,1,0,2500
61,237000,2005,0,0,1,0,0,2500
88,181000,2003,1,0,1,0,0,2200
72,162000,2003,0,0,1,0,0,2790
75,208000,2001,0,0,1,0,0,2250
88,160000,2005,1,0,0,1,0,3100
88,137000,2004,1,0,1,0,0,3150
74,195000,2001,0,0,0,1,0,1900
96,189000,2006,1,0,1,0,0,3790
74,202000,2005,0,0,1,0,0,2100
75,179000,2002,0,0,0,1,0,2700
60,210000,2004,0,0,1,0,0,3250
88,250000,2004,0,0,0,1,0,3000
60,175000,2004,0,0,1,0,0,2550
77,121000,2011,1,1,0,1,0,5950
75,180000,2002,0,0,0,1,0,1800
66,106000,2012,0,0,1,0,0,7199
79,196000,2003,0,0,0,1,0,1950
88,197000,2004,0,0,0,1,0,2950
96,160000,2004,1,0,1,0,0,2250
64,242000,2006,0,0,1,0,0,2950
78,99254,2010,1,0,0,1,0,6990
78,160000,2006,0,0,1,0,0,3990
60,208030,2003,0,0,0,0,0,3000
78,199000,2007,1,0,0,0,0,4000
88,225000,2003,1,0,0,0,0,2050
70,210000,2001,0,0,0,0,0,2000
88,186000,2003,1,0,1,0,0,2400
88,192000,2004,1,0,0,1,0,3300
79,270700,2001,0,0,0,1,0,1550
77,129000,2007,1,0,0,1,0,3600
61,173000,2006,0,0,1,0,0,3150
74,146000,2004,1,1,1,0,0,3200
83,203000,2002,0,0,1,0,0,2550
57,202000,2006,0,0,0,1,0,3250
96,230000,2007,1,0,0,1,0,3200
71,207000,2003,0,0,0,1,0,2250
55,215000,2003,1,0,1,0,0,2700
72,200000,2003,0,0,1,0,0,2350
74,167450,2004,0,0,1,0,0,2999
77,230000,2006,0,0,0,1,0,4000
74,185000,2005,0,0,0,1,0,3000
66,141000,2012,0,0,1,0,0,6590
63,189059,2008,0,0,0,1,0,4550
96,189000,2012,0,0,0,1,0,6950
63,180000,2008,0,0,0,0,0,4390
88,152000,2004,0,0,0,1,0,3000
66,190000,2012,0,0,0,1,0,6990
74,175765,2004,1,0,0,0,0,3400
81,50000,2010,1,0,0,0,1,8690
83,185000,2005,0,0,1,0,0,2749
88,188000,2005,1,0,0,1,0,2700
76,121000,2007,0,0,0,1,0,4000
79,143000,2001,0,0,0,0,0,2300
79,220000,2006,1,0,1,0,0,3950
88,211000,2003,1,0,1,0,0,2750
96,255000,2008,0,0,1,0,0,4000
83,186000,2002,1,0,1,0,0,2600
83,100200,2003,1,0,0,0,0,2700
88,185000,2003,1,0,1,0,0,2350
60,190000,2004,0,0,1,0,0,2200
96,188000,2006,0,0,0,1,0,3000
96,162000,2007,0,0,0,1,0,4050
88,245000,2003,0,0,1,0,0,2100
72,142262,2005,0,0,1,0,0,3350
83,178000,2003,0,0,1,0,0,2950
78,179500,2008,1,0,1,0,0,4000
61,170000,2003,0,0,1,0,0,2300
88,250000,2004,0,0,1,0,0,2700
60,218000,2003,0,0,0,0,0,2650
53,109000,2008,0,0,0,1,0,4800
74,227090,2005,0,0,1,0,0,3250
83,118000,2003,1,0,1,0,0,3150
83,148500,2003,0,0,1,0,0,2650
59,205000,2001,0,0,0,0,0,1790
88,242000,2004,0,0,1,0,0,2650
70,180000,2002,0,0,0,1,0,2400
75,190000,2002,0,0,0,1,0,1600
60,159604,2003,1,0,1,0,0,2850
96,195000,2010,0,0,0,1,0,5000
99,200000,2003,0,0,1,0,0,3050
66,159000,2011,0,0,0,1,0,6200
96,133000,2009,1,0,0,0,0,6750
80,85000,2007,1,0,1,0,0,4200
75,149000,2003,0,0,0,1,0,1900
96,196082,2005,0,0,1,0,0,2350
75,174000,2001,0,0,0,0,1,1990
66,153697,2011,1,0,1,0,0,6690
88,137000,2003,1,0,0,1,0,3200
60,180000,2003,0,0,1,0,0,2090
83,225663,2003,0,1,0,1,0,2500
88,160000,2003,1,0,0,0,0,2899
86,156237,2004,0,0,0,0,0,2899
96,170500,2008,1,1,1,0,0,4500
75,112000,2002,0,0,0,1,0,999
88,158000,2003,1,0,0,0,0,2700
96,146300,2006,0,0,0,1,0,3800
83,110537,2004,1,0,0,1,0,3050
75,161208,2002,0,0,1,0,0,2100
83,107646,2006,0,0,0,1,0,3300
78,143000,2010,1,0,0,0,1,8200
88,190000,2004,1,0,0,1,0,2699
79,249000,2001,0,0,1,0,0,2150
60,240000,2003,0,0,1,0,0,3100
83,142000,2003,0,0,0,0,0,2650
78,150000,2006,1,0,0,1,0,3900
78,207325,2010,1,0,0,1,0,5800
63,193690,2008,0,0,0,0,0,3990
96,207000,2010,0,0,0,1,0,6000
79,221000,2001,0,1,0,1,0,1700
78,177000,2006,0,0,0,1,0,2999
70,125000,2001,0,0,1,0,0,2000
88,121000,2004,1,0,0,1,0,3250
79,143559,2001,0,0,0,1,0,2000
63,210000,2007,0,0,0,0,0,3300
83,162000,2003,0,0,0,0,0,2650
75,175000,2002,0,0,0,1,0,2299
79,194580,2001,0,0,1,0,0,1750
79,189000,2001,0,0,0,0,1,1800
88,180000,2003,0,0,1,0,0,2950
59,165000,2005,1,0,0,1,0,3000
60,199000,2002,0,0,1,0,0,2550
78,176000,2007,0,0,0,0,0,4190
60,180000,2004,1,0,0,0,0,2999
66,175000,2012,0,0,1,0,0,6500
81,179000,2011,0,1,0,1,0,6700
60,148262,2003,0,0,0,0,0,2750
81,53000,2010,1,0,0,0,1,8050
59,142000,2002,0,0,1,0,0,2400
79,200000,2003,0,0,0,1,0,1800
88,235000,2003,0,0,0,1,0,2400
83,263000,2003,1,0,1,0,0,2590
103,165825,2001,0,0,0,0,1,1500
63,151000,2011,0,0,1,0,0,6950
118,29000,2012,1,0,1,0,0,18500
63,208000,2008,0,0,1,0,0,4900
76,190000,2001,0,0,1,0,0,800
79,172000,2001,0,1,0,1,0,1800
88,160000,2004,0,0,0,0,0,3250
74,183179,2004,1,0,0,1,0,3250
74,215000,2004,0,0,0,0,0,2999
83,160000,2003,1,0,1,0,0,2099
88,131780,2004,0,0,0,0,0,3490
70,221000,2001,0,0,1,0,0,2050
83,131000,2005,0,0,0,0,0,3250
60,198000,2005,0,0,1,0,0,3600
75,190000,2001,0,0,0,1,0,2000
63,150000,2006,0,0,1,0,0,4000
83,186000,2003,0,0,0,0,0,2500
72,121000,2006,0,0,1,0,0,3299
74,189524,2004,0,0,1,0,0,2790
96,53000,2012,1,0,0,1,0,2800
64,240000,2006,0,0,0,1,0,3950
79,186000,2000,0,0,0,0,1,1500
75,176000,2001,0,0,1,0,0,2090
60,229000,2005,0,0,1,0,0,3150
82,170000,2007,1,0,1,0,0,4250
75,252000,2001,0,0,0,1,0,1800
96,190000,2006,1,0,1,0,0,4100
75,220000,2002,0,0,0,1,0,2000
66,147000,2003,0,0,1,0,0,2900
81,148000,2010,0,0,1,0,0,7350
70,251125,2001,0,0,0,1,0,1790
80,105000,2006,1,0,1,0,0,4900
60,270000,2003,0,0,1,0,0,2350
55,170000,2001,0,0,0,1,0,2200
78,240690,2006,0,0,1,0,0,3100
79,242000,2001,0,0,0,0,1,1000
79,242000,2000,0,0,1,0,0,2000
81,199999,2012,0,0,1,0,0,6950
75,178000,2008,1,0,1,0,0,4150
88,295000,2004,0,0,0,1,0,3250
88,230000,2003,1,0,0,0,0,2850
60,180000,2003,1,0,1,0,0,2599
88,183557,2003,0,0,1,0,0,2400
88,280000,2003,0,0,0,0,0,2350
110,230000,2000,0,0,0,0,1,2100
67,211000,2003,0,0,0,1,0,2300
78,157000,2008,0,0,0,1,0,4150
88,292000,2004,0,0,0,1,0,2450
83,171000,2005,1,0,0,1,0,3250
63,191000,2006,0,0,0,1,0,3450
88,200000,2005,1,0,1,0,0,3200
184,48000,2011,1,0,0,0,1,17400
88,184000,2004,1,0,0,1,0,2890
79,191000,2002,0,0,0,1,0,2250
88,85000,2005,1,0,0,1,0,3000
63,239000,2008,0,0,1,0,0,3500
82,197220,2002,0,0,0,0,1,2350
78,180000,2006,1,0,1,0,0,3750
70,144000,2002,0,0,0,0,0,2250
81,134500,2011,1,0,0,1,0,6900
66,188000,2010,0,0,0,1,0,6280
96,1700000,2006,0,0,0,1,0,3800
72,143700,2004,0,0,1,0,0,2450
74,156000,2004,0,0,1,0,0,3350
75,181000,2001,0,0,1,0,0,1800
83,135000,2004,0,0,1,0,0,3050
88,165681,2004,0,0,0,1,0,3200
83,240000,2002,0,0,0,0,0,2600
81,79000,2009,1,0,0,1,0,8000
96,226000,2007,1,0,0,1,0,3999
60,191000,2005,1,0,1,0,0,2700
60,164762,2003,0,0,1,0,0,2850
74,154000,2002,0,0,1,0,0,2350
88,185932,2004,1,0,1,0,0,2600
88,186000,2003,1,0,0,0,0,2950
81,118000,2009,1,0,0,1,0,7800
88,125580,2003,0,0,1,0,0,2799
75,204017,2001,0,0,0,1,0,1750
120,177286,2006,1,0,0,0,0,4000
70,143000,2001,0,0,0,0,1,1990
60,190144,2004,0,0,0,0,0,2550
77,168000,2006,1,0,1,0,0,4199
74,155000,2004,0,0,1,0,0,3099
81,253245,2012,0,0,0,1,0,6650
66,170870,2012,0,0,0,1,0,7600
81,192730,2011,0,1,0,1,0,7290
60,154000,2004,1,0,0,0,0,3250
88,168494,2004,1,0,0,1,0,2700
66,122434,2010,0,0,0,1,0,5990
118,142432,2010,1,0,0,0,1,7990
82,190000,2006,0,0,0,0,0,3750
59,205000,2001,0,0,0,1,0,1890
74,204000,2002,1,0,0,0,1,1900
79,140000,2002,0,0,0,0,0,2500
81,155000,2009,0,0,0,0,0,6200
77,183000,2003,0,0,0,1,0,2200
75,300000,2002,0,0,0,1,0,1200
60,172000,2004,1,0,1,0,0,2850
60,107000,2004,0,0,1,0,0,2350
79,203000,2001,0,0,0,1,0,1700
96,182000,2007,1,0,0,1,0,4050
70,135000,2002,0,0,0,1,0,2500
60,216230,2003,0,0,1,0,0,2500
70,225000,2003,0,0,1,0,0,2150
78,230000,2007,0,0,0,1,0,3799
96,170000,2009,1,0,1,0,0,6550
81,152000,2010,0,0,0,1,0,6700
74,186744,2004,1,0,0,1,0,2790
66,140000,2011,0,0,0,0,0,6090
118,143000,2004,1,0,0,0,0,3850
72,163000,2004,1,0,1,0,0,2490
88,220000,2003,1,0,0,0,0,3000
83,166000,2004,0,1,0,1,0,2800
60,217000,2004,0,0,1,0,0,2810
78,133000,2009,0,0,0,0,0,5500
79,180000,2001,0,0,0,1,0,2200
88,269000,2004,0,0,0,0,0,2800
75,190000,2001,0,0,0,1,0,2300
79,170000,2002,0,1,0,1,0,2000
60,298000,2004,0,0,1,0,0,3199
79,227000,2000,0,0,0,0,0,1750
88,220000,2004,1,0,0,1,0,2999
88,199040,2004,1,0,0,1,0,2750
75,191450,2002,0,0,0,1,0,1850
72,120000,2000,0,0,0,0,1,1550
60,169000,2004,0,0,0,0,0,2300
63,166357,2008,0,0,1,0,0,3750
79,122754,2002,0,0,0,0,0,2200
96,200000,2007,0,0,0,1,0,3500
78,132500,2008,1,0,0,0,0,4900
74,103000,2009,1,0,1,0,0,6200
63,222713,2005,0,0,0,1,0,3100
74,191944,2004,1,0,1,0,0,2650
60,135000,2004,0,0,1,0,0,3399
96,91000,2009,0,0,1,0,0,5500
99,196000,2004,1,0,0,0,0,3600
78,152000,2009,1,0,0,0,0,5500
99,170000,2005,1,0,0,1,0,3000
78,207000,2006,0,0,0,0,0,2490
95,100000,2003,1,0,1,0,0,2500
79,178000,2003,0,0,0,1,0,1550
81,147440,2013,1,1,0,1,0,7490
74,162000,2004,0,0,1,0,0,3199
59,210000,2001,0,0,0,1,0,1800
88,270000,2005,0,0,0,1,0,3050
96,188000,2006,0,0,0,1,0,4000
79,120000,2000,0,0,0,0,0,2100
79,153652,2003,0,0,0,1,0,1999
60,253215,2004,0,0,1,0,0,2600
62,150000,2004,1,0,1,0,0,3000
75,210000,2003,0,0,0,1,0,2150
78,138482,2007,0,0,0,1,0,4100
79,250000,2003,0,0,0,1,0,2399
79,148000,2002,0,0,1,0,0,2200
78,240000,2006,1,0,0,1,0,4100
88,207000,2003,0,0,1,0,0,2400
76,225000,2002,0,0,0,1,0,1950
72,154231,2008,0,0,0,0,0,5499
79,132987,2001,0,0,0,0,0,1950
88,190300,2003,0,0,1,0,0,2800
78,52000,2008,0,0,0,1,0,5850
88,175000,2004,1,0,0,0,0,2900
74,175000,2005,1,1,0,0,0,3600
75,184000,2001,0,0,1,0,0,2199
76,155000,2008,0,0,1,0,0,4350
70,171000,2001,0,0,1,0,0,2099
88,230000,2001,0,0,0,1,0,2399
88,230000,2003,1,0,1,0,0,3200
88,211000,2004,0,0,0,0,0,3250
63,202000,2006,0,0,0,1,0,3750
60,276000,2004,0,0,1,0,0,1900
60,219861,2003,1,0,1,0,0,2750
60,245647,2004,0,0,1,0,0,2800
75,264000,2001,0,0,1,0,0,1900
81,55000,2009,1,0,0,1,0,8200
82,165000,2006,0,0,0,1,0,3800
81,144000,2010,0,0,1,0,0,6900
88,179000,2004,1,0,0,1,0,3100
89,160000,2005,1,0,1,0,0,2500
103,197857,2002,0,0,0,0,1,2100
79,175000,2001,0,0,0,1,0,2300
88,187000,2004,0,0,1,0,0,2800
75,180000,2001,0,0,0,1,0,1690
79,196000,2002,0,0,0,1,0,2000
81,114000,2012,1,0,0,0,1,8300
60,194000,2004,0,0,0,0,1,2790
60,195478,2003,0,0,1,0,0,2500
72,139300,2003,1,0,1,0,0,2999
79,184000,2002,0,0,0,0,1,1900
63,190000,2006,0,0,1,0,0,3300
83,169000,2005,1,0,0,1,0,3490
74,180000,2004,0,0,1,0,0,3090
60,200000,2004,0,0,1,0,0,2300
63,190000,2006,0,0,1,0,0,2800
88,187000,2004,1,0,0,0,1,2800
79,195000,2001,0,0,0,0,0,2050
110,152000,2008,1,0,0,1,0,4900
88,164012,2004,1,0,1,0,0,3700
96,185659,2003,1,0,0,0,0,2000
96,188000,2011,1,0,0,1,0,8500
70,195500,2002,0,0,0,1,0,2199
60,250000,2002,0,0,0,1,0,2000
66,207000,2010,0,0,0,1,0,6600
59,224044,2003,0,0,0,1,0,1900
74,155320,2006,0,0,1,0,0,3800
88,160000,2004,0,0,0,0,0,3699
96,134000,2007,0,1,0,1,0,3800
63,312543,2003,0,0,1,0,0,2350
78,124713,2008,1,0,1,0,0,5300
88,206450,2003,1,0,1,0,0,2950
88,206000,2003,0,0,0,0,0,2800
96,197000,2006,1,0,1,0,0,3300
83,175000,2003,1,0,1,0,0,3100
81,69000,2010,1,0,0,0,1,9500
88,268000,2003,1,0,1,0,0,2699
70,136000,2001,0,0,0,0,0,2100
60,123900,2005,0,0,1,0,0,3250
60,188560,2004,0,0,1,0,0,2400
77,55600,2008,0,0,0,0,0,6000
63,180000,2004,0,0,0,0,0,2800
88,156450,2006,0,0,0,1,0,3650
75,182000,2003,1,0,1,0,0,3300
60,255000,2005,0,0,0,0,0,2800
79,190000,2002,0,0,1,0,0,1999
78,157000,2008,0,0,1,0,0,3950
63,198000,2010,0,0,1,0,0,5999
85,131000,2003,1,0,0,0,0,3400
70,207000,2001,0,0,0,0,1,1900
74,328000,2004,1,0,0,1,0,2500
83,219000,2002,0,0,0,0,1,2750
60,172227,2003,1,0,1,0,0,2600
63,182178,2005,0,0,0,1,0,3600
66,203194,2004,1,0,1,0,0,3100
72,160000,2003,0,0,1,0,0,2750
88,186524,2002,0,0,1,0,0,2700
63,194500,2008,0,0,0,1,0,4200
88,261000,2003,1,0,0,0,0,2500
70,122000,2001,0,0,1,0,0,2400
60,108000,2003,0,0,1,0,0,2500
63,236000,2003,0,0,1,0,0,2600
88,250000,2005,0,0,0,1,0,2650
63,184000,2003,0,0,1,0,0,2700
60,300000,2004,0,0,0,1,0,3000
79,276000,2001,0,0,0,1,0,2150
96,212000,2007,0,0,0,1,0,3800
66,220000,2004,0,0,0,1,0,2950
63,192000,2003,0,0,1,0,0,2850
88,212000,2003,1,0,1,0,0,2000
47,220000,2008,1,0,1,0,0,3950
74,160000,2004,0,0,1,0,0,3290
88,235476,2003,0,0,0,1,0,2350
88,221000,2004,0,0,0,1,0,2500
68,187650,2010,0,0,1,0,0,5600
88,235000,2003,0,0,0,0,0,2600
75,157000,2002,0,0,0,1,0,2150
75,185000,2002,0,0,1,0,0,2350
83,264485,2003,0,1,0,1,0,2500
78,160000,2005,0,0,0,0,0,3500
78,157000,2006,1,0,0,1,0,4050
96,204000,2006,0,1,0,1,0,4100
86,154000,2005,1,0,1,0,0,3300
79,210000,2001,0,0,1,0,0,1950
83,263521,2005,1,0,0,1,0,3199
74,172820,2004,0,0,0,1,0,3300
88,165000,2005,1,0,0,0,0,3200
79,201500,2001,0,0,0,0,1,2250
82,154000,2006,0,0,1,0,0,3100
78,211000,2006,0,0,0,1,0,3550
88,167000,2004,0,0,0,1,0,2700
79,254000,2000,0,0,0,0,0,1750
60,184010,2004,0,0,1,0,0,3300
70,201000,2001,0,0,0,1,0,1800
78,143000,2007,0,0,0,0,1,4600
78,108000,2006,1,0,1,0,0,4999
60,157000,2002,0,0,1,0,0,2599
63,129000,2004,0,0,0,0,0,2800
78,178000,2006,1,0,1,0,0,3700
81,117582,2009,0,0,0,0,0,6600
74,81000,2009,0,0,1,0,0,6150
59,223000,2001,0,0,1,0,0,1750
60,239000,2005,1,0,0,1,0,3250
59,250000,2002,0,0,0,1,0,1700
60,200000,2003,0,0,0,0,0,2800
78,255000,2006,1,0,0,1,0,3850
83,155235,2003,1,0,1,0,0,2700
63,195000,2008,0,0,1,0,0,3600
88,120000,2003,0,0,1,0,0,3000
78,156187,2009,0,0,0,0,0,5800
88,161000,2004,1,0,1,0,0,2700
83,124491,2003,1,0,1,0,0,3200
88,254000,2002,1,0,1,0,0,2790
75,184000,2001,0,0,0,0,1,1950
99,203000,2004,1,1,0,0,0,3300
60,250000,2002,0,0,1,0,0,2050
83,143000,2003,0,0,1,0,0,3000
88,211888,2004,0,0,0,1,0,2750
59,221345,2001,0,0,0,1,0,1900
88,172000,2003,1,0,0,0,1,3200
74,150000,2003,1,0,0,0,1,2950
74,150000,2005,1,0,0,0,0,2600
66,195000,2009,0,0,0,1,0,5700
75,214000,2003,0,0,0,0,1,2250
75,180000,2001,0,0,0,1,0,1900
66,162000,2011,0,0,0,1,0,6990
88,206000,2003,1,0,1,0,0,3650
81,140000,2011,1,0,0,1,0,6850
64,171080,2005,0,0,0,1,0,3600
80,191000,2009,1,0,1,0,0,6750
88,220000,2003,1,0,1,0,0,3300
79,200019,2001,0,0,0,1,0,2199
75,180000,2002,0,0,0,1,0,1999
88,140000,2003,1,0,1,0,0,3250
83,115000,2003,0,0,1,0,0,3000
99,112500,2008,0,0,0,1,0,4190
88,197431,2004,1,0,0,1,0,2600
88,186000,2004,1,0,0,0,0,3530
83,140000,2004,0,0,1,0,0,3250
63,168000,2006,0,0,0,0,0,3750
88,212000,2004,1,0,1,0,0,2700
74,193518,2004,1,0,0,1,0,3999
75,192000,2001,0,0,1,0,0,2550
78,186000,2002,0,0,0,1,0,2300
85,139000,2003,0,0,0,0,1,2950
96,126000,2006,1,0,1,0,0,3850
88,142000,2004,0,0,0,1,0,3800
83,240000,2003,1,0,0,1,0,2350
88,187000,2004,1,0,0,1,0,3450
74,120000,2001,0,0,0,1,0,1850
88,165000,2003,1,0,1,0,0,2850
83,179000,2003,1,0,1,0,0,2650
77,220000,2004,1,0,1,0,0,3100
78,133000,2008,0,0,1,0,0,4000
63,119000,2010,0,0,1,0,0,6900
82,165000,2006,0,0,0,1,0,3990
74,190000,2005,1,0,0,0,1,3500
60,178190,2005,0,0,1,0,0,2350
63,103000,2006,0,0,1,0,0,3950
63,212000,2008,0,0,0,0,0,4399
78,142000,2006,1,0,0,1,0,3999
76,226000,2002,0,0,0,0,0,2150
59,238000,2002,0,0,1,0,0,2100
66,158000,2004,0,0,1,0,0,2750
103,198000,2001,0,0,0,0,1,1990
60,167000,2003,1,0,1,0,0,2950
44,210000,2003,0,0,1,0,0,2500
66,209844,2010,0,0,0,1,0,6550
88,160000,2004,1,0,0,1,0,2500
79,144000,2001,0,0,0,0,0,1899
81,141000,2010,0,0,0,1,0,6500
74,210000,2004,1,0,0,1,0,2800
66,159000,2012,0,0,1,0,0,6990
75,296000,2001,0,0,0,0,1,1700
75,280000,2000,0,0,1,0,0,2050
83,110000,2004,0,0,1,0,0,2900
60,240000,2003,1,0,0,0,0,3500
66,158000,2010,0,0,1,0,0,6600
75,180000,2002,0,0,1,0,0,2850
66,265000,2005,0,0,0,0,1,2250
88,210000,2003,1,0,1,0,0,3199
44,196000,2001,0,0,1,0,0,1800
59,200000,2002,0,0,0,0,0,2200
74,105000,2010,0,0,0,1,0,6950
60,122000,2003,0,0,1,0,0,2950
88,165000,2005,1,0,0,1,0,3200
63,131000,2009,0,0,0,0,0,5500
88,214000,2004,1,0,0,0,0,2800
75,188000,2001,0,0,1,0,0,2199
88,157554,2003,0,0,1,0,0,3000
74,160001,2011,0,0,0,1,0,6100
88,198500,2004,1,0,0,1,0,3500
88,216000,2003,1,0,1,0,0,2650
79,181000,2001,0,0,0,0,1,2350
60,224890,2003,1,0,0,0,0,2400
96,210000,2007,0,1,0,1,0,4500
83,204000,2003,1,0,1,0,0,2500
43,182000,2000,0,0,0,0,0,1790
55,164000,2002,0,0,0,0,0,2200
66,102000,2009,0,0,0,0,0,5500
63,170000,2008,0,0,0,0,0,4600
75,227000,2001,0,0,0,0,0,1550
72,189000,2001,0,0,0,0,0,2100
81,152000,2010,1,0,1,0,0,6800
60,237326,2004,0,0,1,0,0,2100
63,141188,2009,0,0,1,0,0,6000
60,178000,2003,0,0,1,0,0,2500
88,195000,2002,1,0,1,0,0,2650
60,181000,2004,1,0,0,1,0,2750
96,187000,2005,0,0,0,1,0,3350
70,145000,2001,0,0,1,0,0,2300
83,160000,2005,0,0,0,0,0,2999
78,289800,2010,1,0,0,1,0,5900
96,210000,2006,0,0,0,1,0,2799
96,196000,2005,1,0,0,0,0,3600
83,175000,2003,0,0,1,0,0,3250
83,137000,2006,1,0,0,1,0,3800
63,64000,2007,0,0,1,0,0,2900
74,161501,2005,1,0,1,0,0,3700
96,160000,2007,0,0,0,1,0,3100
63,191000,2006,0,0,0,0,1,3700
79,250000,2002,0,0,0,0,0,2100
83,238000,2003,1,0,0,0,0,2800
96,221000,2006,1,0,0,1,0,3099
60,201000,2003,1,0,0,1,0,2750
88,142000,2004,1,0,0,1,0,2400
65,165000,2005,0,0,0,1,0,2500
63,196000,2008,0,0,1,0,0,4100
80,135000,2001,0,0,0,1,0,2000
63,170000,2010,0,0,0,0,0,6200
75,197000,2002,0,0,0,1,0,1850
88,174700,2003,1,0,1,0,0,2750
81,228000,2006,0,0,0,1,0,3999
78,203000,2007,0,0,0,1,0,4350
60,216867,2005,0,0,1,0,0,3000
60,199945,2002,1,0,1,0,0,2750
81,175987,2005,1,0,0,1,0,3150
70,190000,2001,0,0,0,0,1,1400
80,70000,2011,1,0,0,0,0,9500
74,183020,2004,0,0,0,0,0,2900
55,144000,2002,0,0,1,0,0,2050
88,210000,2005,0,0,0,1,0,3000
72,146300,2004,1,0,0,1,0,3400
65,165000,2004,0,0,0,0,0,3200
88,171261,2003,0,0,0,0,0,2800
59,261000,2002,0,0,0,1,0,2200
96,200000,2007,0,0,0,1,0,4150
83,206000,2004,0,0,0,1,0,2700
63,170000,2004,1,0,0,1,0,4400
59,165000,2001,0,0,0,0,0,1750
88,180000,2004,0,0,0,1,0,3000
96,147000,2008,1,1,0,1,0,5300
88,230000,2005,1,0,0,1,0,2100
74,220000,2005,0,0,0,1,0,3299
60,142000,2004,1,0,0,1,0,3950
75,100000,2002,1,0,0,1,0,2100
63,205200,2006,1,0,1,0,0,3550
88,230000,2004,1,0,0,1,0,2700
81,223000,2006,0,0,0,1,0,3200
83,263600,2005,0,0,0,1,0,3050
79,158414,2001,0,0,0,1,0,2100
75,154000,2002,0,0,0,1,0,1880
72,166500,2003,0,0,1,0,0,2750
83,176558,2003,1,0,1,0,0,3250
60,236000,2004,0,0,1,0,0,3100
88,216000,2005,0,0,0,1,0,3250
81,27000,2012,1,0,1,0,0,9500
75,168000,2002,0,0,0,1,0,2700
75,182000,2001,0,0,0,1,0,2500
74,156453,2004,0,0,1,0,0,3200
60,230000,2004,0,0,1,0,0,2800
78,214000,2007,0,0,1,0,0,4235