1950
2300
6450
3000
6700
3050
2950
2550
2499
6190
3800
2050
2450
3590
3000
3850
2799
2800
2700
3299
2590
2990
6950
6390
2100
1950
2300
6450
3000
6700
3050
2950
2550
2499
6190
3800
2050
2450
3590
3000
3850
2799
2800
2700
3299
2590
2990
6950
6390
2100
2990
3750
6990
7200
3650
6200
6400
6600
2900
1650
3400
2650
3990
3100
2550
6200
2850
2690
3690
6399
7599
6999
6450
4650
2950
7000
3150
2699
3000
2750
2950
3290
3150
6190
3795
5200
3450
3450
2590
2800
3999
3300
3000
2250
3150
3500
3040
2990
6150
3850
3690
41400
3350
2390
7800
3790
2690
2000
4000
5300
2490
3400
2900
6100
2500
2199
2550
2650
1990
3590
3350
3090
2990
2990
3000
3200
8200
2700
2700
2950
3200
2999
4000
4250
5650
2500
2200
3999
2700
2499
3900
3799
3699
3100
3490
2999
3100
2250
3700
1100
6500
6000
2890
2450
2480
700
6500
2500
1500
2200
2800
2999
4000
3300
1600
1800
2650
2750
550
2600
3400
2850
2400
1700
1350
2750
3000
2850
4049
2650
2999
3000
2450
2800
6890
6650
2500
6250
3950
2990
3499
2200
4000
6350
3650
1950
4000
2150
2369
2400
1799
2999
1790
2500
3000
1500
6249
3199
2250
6200
3300
3250
3000
3650
1300
3350
2200
1500
1800
2950
3350
2200
310
4250
2780
2800
2600
4599
2600
4749
1200
5299
2800
2400
3300
6800
1650
6450
2950
3300
3950
5500
2600
1700
1750
3100
2790
2950
1399
1700
2799
2550
600
2600
3800
6600
3890
3990
3150
1999
4200
3150
2999
3200
3100
6600
3750
2990
3300
5950
3400
7500
2650
2590
2590
2550
8300
3890
2800
3300
4450
7500
2250
3200
1950
2550
3350
7000
2150
2699
2850
3400
2499
2800
1955
1890
2800
2999
3500
4250
1900
2400
3550
1990
900
3250
2800
2600
2999
2950
2650
2950
7299
2950
1550
9500
4000
1600
1690
2799
1600
2500
3100
1700
2000
2100
2300
1800
6700
2600
3590
6350
2600
800
2990
2000
9650
2990
4500
2499
3200
7799
2150
3100
2899
3150
7100
2599
4400
2000
2299
1650
750
2800
4000
2200
1750
3700
2400
2450
6000
2100
6290
3050
6000
3400
3100
4300
3800
1600
2550
2500
3450
3350
3000
4200
2400
2850
2850
3100
1500
6000
6500
900
5900
6990
6200
5800
7090
3750
3150
6589
6589
3000
3100
3250
2450
3500
2200
4390
6790
4300
2590
2850
700
3800
6800
3000
2100
2890
2100
2500
3100
600
1900
2400
2290
3400
2150
3499
2599
3790
6800
2000
3950
3499
3200
2349
2149
1490
14100
6200
2550
2950
2600
2500
6990
3300
2300
4000
6800
2100
7050
2850
2980
3890
2650
1699
1990
5990
6500
5350
4950
4500
3200
2590
3000
1950
3799
2499
2950
2350
1800
3500
8500
3000
2350
1900
2999
1999
3050
2099
3850
3800
2990
2300
2650
5500
3000
2350
4400
250
1750
1850
1450
4200
1350
6550
2400
2499
3600
1590
490
3100
4699
2450
2000
2850
2650
2699
6900
2650
6950
6400
6250
2399
2950
6690
3000
3890
2500
2700
3290
1950
1750
1699
3099
5900
2950
2600
1350
2600
2999
2450
6600
7550
2850
2800
2720
2550
2900
2250
2200
2700
7900
3150
2700
5700
2990
3350
6890
3350
7290
3200
2300
3100
2699
8950
6999
3100
3526
2400
1999
6550
2500
1400
1350
2600
3700
5350
2750
7500
1700
4650
2700
3150
2000
3999
2100
2999
2800
3210
2500
3500
1900
2799
2700
2100
2900
2720
1699
3000
2900
2150
1700
1800
3300
2900
4800
4100
2400
3650
1800
7800
2999
4500
2650
2550
1890
6390
4800
4990
6800
4000
3100
8500
2300
3400
1950
2150
2700
4400
2900
6500
5000
2750
1400
2500
6100
3650
3400
2400
4390
2899
3900
6090
4900
1900
2350
3000
4100
5500
3200
3200
3100
2000
3950
3400
2500
2000
900
1350
5700
1800
1850
2200
2700
3800
1400
2300
6299
3500
3000
1350
2000
2950
4200
7250
3200
4299
6200
8690
3499
2700
4200
6550
5800
8250
6800
2300
3700
2200
1600
18500
6690
6950
2000
1500
3200
3250
2800
1700
2999
6350
3400
2500
5490
6250
2500
3250
3490
3600
3450
6050
3750
5950
2000
4000
2500
4150
2590
2800
2000
2950
2900
3350
2190
4200
2750
7650
2700
2000
3300
2600
7000
1250
2600
3590
2700
1250
3250
2699
3599
2999
1550
2499
2890
4200
2900
2790
2390
7300
2700
2500
1650
3350
4100
2100
2400
1300
2600
2450
2990
3300
2050
2399
1850
2800
7300
2000
2150
2250
3250
7100
8100
1790
3000
4200
3100
3250
3300
4530
1699
2800
3290
4299
3099
6350
2850
6490
8490
2000
2650
2800
1100
4050
2600
2900
2500
2200
4350
5500
2599
1900
1860
2700
3999
2500
8300
2750
2900
3300
4300
1700
4200
4000
2350
7900
3100
3750
3100
3200
4300
2900
1900
6290
3800
8150
2400
2299
1600
4100
2690
3650
3000
1770
1600
2700
2250
2900
2500
3800
2600
2650
2600
2800
800
800
2000
3950
2600
7700
2450
2450
5800
3300
4500
2500
5200
2000
2300
6400
1700
3750
2000
3200
2800
3500
2150
2500
4750
1250
2750
1600
1550
4000
3990
1850
2400
6350
2100
4000
6250
1700
4300
1999
2499
3499
1850
2050
4100
3400
3199
3000
6499
1750
8000
3099
2900
2950
2750
2050
2199
2950
2850
9500
9400
3600
3200
2000
9000
1999
6200
5450
1200
2600
3200
1550
3600
3399
4250
4600
1350
2850
4150
1900
2700
2300
1800
2850
6750
2250
4600
2100
2200
2790
2800
2700
1799
6900
3500
3600
2950
2650
2950
2799
1500
1350
3200
3300
4000
1500
2155
3750
5900
1300
5000
1750
2800
3100
3199
2900
2199
4800
2600
2399
2250
1850
999
4000
4500
2150
4000
1600
3530
3150
2450
2500
6600
2700
2100
3200
2350
1850
1300
2350
1100
2750
3450
2400
3100
3300
3000
7000
2000
7000
2990
2299
8200
4300
3100
4999
3850
3700
3150
2750
2800
3050
3200
2900
2100
1650
2399
1700
2150
2950
2050
1100
1500
3700
3500
2800
2800
3150
2150
3500
3000
2250
3150
2299
4500
3700
2480
5499
2850
3000
3100
1450
2800
2350
2500
3300
3000
2300
6390
2290
1800
2900
4490
5600
26000
4300
4200
2200
950
3250
4999
4000
4900
1850
9200
4200
3999
3000
2850
3990
4500
2750
3800
4400
2200
2100
3320
3150
2600
2600
1650
2200
3199
3000
2650
3450
3700
2900
3400
2999
1990
7890
2800
2350
5999
3800
3300
6800
3000
2100
4450
4550
2500
2900
2350
2900
3950
1870
1850
4050
3800
2950
2800
1999
1600
4299
1950
2800
2250
2999
3150
2999
2550
5100
2850
2950
2600
1950
3100
4200
3500
6900
3800
6750
3400
1350
3300
3450
2350
7550
2800
4200
3199
3150
3100
4200
2100
3000
